device address: 7D:00:22:EA:82:60:3B:9C
### TAG ###
Device added: 82
Device added: 81
Device added: 83
P= 128.27,235.53,0.83
P= 126.01,235.53,0.81
P= 125.45,236.40,0.82
P= 124.98,235.67,0.83
P= 127.24,235.67,0.84
P= 128.08,234.36,0.83
P= 129.02,235.83,0.82
P= 127.22,235.83,0.81
P= 128.07,234.50,0.80
P= 127.60,233.76,0.80
P= 125.02,231.96,0.76
P= 124.55,231.23,0.77
P= 127.83,231.23,0.79
P= 125.82,234.36,0.82
P= 125.59,234.00,0.82
P= 125.13,234.00,0.82
P= 127.43,230.42,0.79
P= 127.89,231.14,0.78
P= 129.72,231.14,0.80
P= 127.98,233.84,0.82
P= 128.22,234.21,0.81
P= 127.31,234.21,0.81
P= 127.03,234.65,0.81
P= 126.10,233.20,0.82
P= 125.64,233.20,0.82
P= 126.78,231.42,0.81
P= 127.25,232.14,0.80
P= 128.16,232.14,0.81
P= 128.45,231.69,0.80
P= 128.68,232.05,0.80
P= 129.13,232.05,0.80
P= 128.56,232.95,0.81
P= 129.74,234.79,0.79
P= 129.74,234.79,0.79
P= 129.45,235.24,0.80
P= 129.21,234.87,0.80
P= 130.56,234.87,0.81
P= 129.99,235.76,0.82
P= 129.51,235.01,0.82
P= 129.95,235.01,0.83
P= 129.67,235.46,0.83
P= 129.44,235.09,0.83
P= 126.29,235.09,0.81
P= 127.43,233.31,0.80
P= 127.19,232.95,0.80
P= 127.19,232.95,0.80
P= 125.77,235.16,0.82
P= 125.54,234.80,0.82
P= 124.62,234.80,0.81
P= 124.34,235.24,0.82
P= 124.34,235.24,0.82
P= 127.07,235.24,0.84
P= 127.92,233.92,0.83
P= 128.38,234.65,0.82
P= 125.65,234.65,0.80
P= 125.08,235.53,0.81
P= 124.38,234.44,0.82
P= 123.92,234.44,0.81
P= 125.92,231.32,0.79
P= 127.32,233.52,0.77
P= 128.25,233.52,0.78
P= 125.42,237.94,0.81
P= 124.47,236.47,0.82
P= 124.47,236.47,0.82
P= 126.16,233.84,0.80
P= 126.39,234.21,0.80
P= 128.67,234.21,0.82
P= 127.54,235.97,0.83
P= 128.01,236.70,0.82
P= 128.01,236.70,0.82
P= 128.57,235.83,0.82
P= 127.87,234.72,0.83
P= 127.87,234.72,0.83
P= 125.93,237.75,0.85
P= 125.93,237.75,0.85
P= 125.02,237.75,0.84
P= 128.39,232.50,0.80
P= 129.10,233.60,0.79
P= 128.18,233.60,0.79
P= 127.33,234.94,0.80
P= 126.85,234.21,0.80
P= 127.77,234.21,0.81
P= 126.36,236.40,0.83
P= 126.36,236.40,0.83
P= 123.59,236.40,0.81
P= 126.44,231.96,0.77
P= 126.67,232.33,0.77
P= 128.99,232.33,0.79
P= 128.12,233.68,0.80
P= 128.35,234.05,0.79
P= 126.51,234.05,0.78
P= 125.09,236.26,0.80
P= 125.09,236.26,0.80
P= 126.93,236.26,0.81
P= 127.78,234.94,0.80
P= 128.02,235.31,0.80
P= 128.93,235.31,0.80
P= 128.64,235.76,0.81
P= 128.17,235.01,0.81
P= 127.72,235.01,0.81
P= 127.72,235.01,0.81
P= 127.48,234.65,0.81
P= 128.38,234.65,0.82
P= 127.26,236.40,0.83
P= 127.26,236.40,0.83
P= 127.71,236.40,0.84
P= 128.83,234.65,0.82
P= 129.54,235.76,0.81
P= 128.64,235.76,0.81
P= 128.36,236.20,0.81
P= 128.60,236.57,0.81
P= 129.50,236.57,0.81
P= 130.06,235.69,0.81
P= 129.12,234.21,0.82
P= 130.44,234.21,0.83
P= 128.21,237.69,0.86
P= 128.21,237.69,0.86
P= 124.16,237.69,0.83
P= 125.83,235.09,0.81
P= 127.26,237.32,0.79
P= 129.53,237.32,0.80
P= 128.14,239.50,0.82
P= 127.18,238.00,0.83
P= 126.73,238.00,0.83
P= 130.13,232.70,0.79
P= 132.07,235.72,0.76
P= 130.70,235.72,0.75
P= 128.98,238.41,0.77
P= 129.48,239.18,0.76
P= 130.84,239.18,0.77
P= 129.44,241.37,0.79
P= 128.21,239.44,0.81
P= 126.38,239.44,0.80
P= 127.22,238.14,0.79
P= 127.96,239.29,0.77
P= 129.33,239.29,0.78
P= 130.75,237.07,0.77
P= 133.03,240.63,0.74
P= 130.73,240.63,0.72
P= 130.73,240.63,0.72
P= 132.04,242.67,0.70
P= 135.24,242.67,0.73
P= 134.67,243.56,0.73
P= 133.10,241.12,0.75
P= 132.20,241.12,0.75
P= 130.51,243.75,0.77
P= 130.51,243.75,0.77
P= 129.14,243.75,0.76
P= 130.54,241.56,0.74
P= 128.03,237.64,0.78
P= 128.03,237.64,0.78
P= 127.18,238.96,0.79
P= 128.42,240.89,0.77
P= 127.03,240.89,0.76
P= 129.59,236.89,0.73
P= 129.59,236.89,0.73
P= 132.36,236.89,0.75
P= 130.92,239.13,0.76
P= 127.77,234.21,0.81
P= 125.00,234.21,0.79
P= 126.73,231.50,0.77
P= 129.39,235.65,0.73
P= 131.70,235.65,0.75
P= 127.73,241.84,0.79
P= 126.51,239.93,0.81
P= 128.31,239.93,0.82
P= 127.76,240.78,0.83
P= 126.81,239.28,0.85
P= 124.08,239.28,0.83
P= 125.46,237.14,0.81
P= 130.20,244.53,0.74
P= 131.11,244.53,0.75
P= 132.24,242.78,0.74
P= 130.19,239.58,0.76
P= 128.80,239.58,0.75
P= 128.24,240.46,0.76
P= 127.99,240.06,0.76
P= 127.99,240.06,0.76
P= 126.88,241.80,0.78
P= 125.89,240.26,0.79
P= 126.81,240.26,0.80
P= 126.54,240.69,0.80
P= 126.54,240.69,0.80
P= 126.99,240.69,0.80
P= 130.09,235.86,0.77
P= 131.08,237.40,0.75
P= 130.62,237.40,0.75
P= 128.08,241.37,0.78
P= 127.83,240.98,0.78
P= 131.85,240.98,0.81
P= 130.76,242.69,0.83
P= 129.05,240.03,0.85
P= 128.61,240.03,0.85
P= 127.80,241.29,0.86
P= 129.01,243.18,0.84
P= 124.50,243.18,0.81
P= 126.69,239.77,0.78
P= 126.69,239.77,0.78
P= 127.61,239.77,0.79
P= 127.06,240.64,0.79
P= 127.30,241.02,0.79
P= 126.38,241.02,0.78
P= 127.21,239.72,0.77
P= 127.46,240.11,0.77
P= 129.30,240.11,0.78
P= 129.86,239.24,0.78
P= 128.87,237.70,0.79
P= 129.78,237.70,0.80
P= 128.94,239.01,0.81
P= 130.17,240.94,0.79
P= 131.50,240.94,0.80
P= 131.78,240.50,0.80
P= 131.78,240.50,0.80
P= 128.17,240.50,0.77
P= 127.62,241.37,0.78
P= 126.63,239.83,0.79
P= 127.54,239.83,0.80
P= 126.72,241.11,0.81
P= 127.71,242.66,0.79
P= 127.71,242.66,0.79
P= 127.71,242.66,0.79
P= 125.99,239.98,0.82
P= 125.53,239.98,0.82
P= 126.36,238.69,0.81
P= 126.84,239.44,0.80
P= 125.92,239.44,0.79
P= 125.37,240.30,0.80
P= 126.35,241.84,0.78
P= 129.09,241.84,0.80
P= 129.64,240.98,0.80
P= 128.90,239.83,0.81
P= 128.90,239.83,0.81
P= 128.08,241.11,0.82
P= 128.08,241.11,0.82
P= 125.34,241.11,0.80
P= 125.34,241.11,0.80
P= 124.85,240.35,0.81
P= 128.92,240.35,0.83
P= 130.87,237.32,0.81
P= 132.59,240.02,0.79
P= 128.06,240.02,0.75
P= 126.57,237.70,0.78
P= 128.87,237.70,0.79
P= 130.86,240.80,0.76
P= 129.49,240.80,0.75
P= 130.06,239.92,0.75
P= 128.56,237.58,0.77
P= 130.38,237.58,0.78
P= 127.87,241.50,0.81
P= 127.38,240.73,0.82
P= 126.48,240.73,0.81
P= 127.58,239.01,0.80
P= 128.07,239.77,0.79
P= 127.15,239.77,0.78
P= 126.87,240.21,0.79
P= 126.87,240.21,0.79
P= 126.87,240.21,0.79
P= 126.32,241.07,0.79
P= 126.08,240.69,0.80
P= 128.80,240.69,0.82
P= 129.35,239.83,0.81
P= 130.09,240.98,0.80
P= 128.74,240.98,0.79
P= 128.46,241.41,0.79
P= 128.22,241.02,0.80
P= 129.12,241.02,0.80
P= 128.57,241.88,0.81
P= 128.08,241.11,0.82
P= 125.34,241.11,0.80
P= 126.44,239.39,0.79
P= 126.93,240.16,0.78
P= 127.86,240.16,0.78
P= 126.75,241.88,0.80
P= 125.77,240.35,0.81
P= 127.14,240.35,0.82
P= 126.60,241.20,0.83
P= 127.08,241.96,0.82
P= 127.53,241.96,0.82
P= 130.02,238.08,0.79
P= 130.02,238.08,0.79
P= 129.57,238.08,0.79
P= 128.18,240.26,0.81
P= 129.17,241.80,0.79
P= 128.26,241.80,0.79
P= 129.93,239.18,0.77
P= 129.44,238.41,0.77
P= 129.89,238.41,0.78
P= 128.49,240.59,0.79
P= 128.00,239.83,0.80
P= 127.09,239.83,0.79
P= 126.54,240.69,0.80
P= 127.53,242.23,0.79
P= 128.89,242.23,0.80
P= 127.80,243.93,0.81
P= 127.06,242.76,0.82
P= 129.82,238.46,0.79
P= 129.82,238.46,0.79
P= 131.24,236.24,0.77
P= 133.51,239.78,0.74
P= 133.96,239.78,0.74
P= 129.78,246.30,0.79
P= 127.51,242.76,0.82
P= 126.61,242.76,0.82
P= 128.80,239.34,0.79
P= 129.55,240.50,0.78
P= 131.78,240.50,0.80
P= 131.23,241.37,0.80
P= 130.48,240.21,0.81
P= 128.70,240.21,0.80
P= 128.98,239.77,0.80
P= 129.22,240.16,0.79
P= 129.67,240.16,0.80
P= 127.49,243.57,0.82
P= 126.99,242.80,0.83
P= 126.99,242.80,0.83
P= 128.35,240.69,0.81
P= 128.60,241.07,0.81
P= 128.15,241.07,0.81
P= 130.38,237.58,0.78
P= 129.89,236.82,0.79
P= 128.98,236.82,0.78
P= 126.48,240.73,0.81
P= 126.96,241.50,0.80
P= 128.32,241.50,0.81
P= 128.32,241.50,0.81
P= 127.11,239.60,0.83
P= 127.11,239.60,0.83
P= 126.03,241.29,0.84
P= 127.49,243.57,0.82
P= 124.75,243.57,0.80
P= 127.49,239.29,0.77
P= 127.74,239.68,0.77
P= 130.48,239.68,0.79
P= 130.48,239.68,0.79
P= 129.98,238.90,0.79
P= 128.17,238.90,0.78
P= 127.33,240.21,0.79
P= 126.87,240.21,0.79
P= 128.27,238.02,0.77
P= 129.02,239.18,0.76
P= 130.84,239.18,0.77
P= 129.72,240.94,0.79
P= 130.48,242.11,0.78
P= 129.57,242.11,0.77
P= 127.38,245.52,0.80
P= 126.88,244.74,0.80
P= 125.50,244.74,0.79
P= 128.80,239.58,0.75
P= 129.31,240.36,0.75
P= 129.77,240.36,0.75
P= 128.37,242.55,0.77
P= 127.62,241.37,0.78
P= 126.69,241.37,0.77
P= 125.86,242.66,0.78
P= 125.37,241.88,0.79
P= 129.46,241.88,0.82
P= 128.92,242.73,0.82
P= 129.67,243.90,0.81
P= 127.42,243.90,0.80
P= 128.51,242.19,0.78
P= 127.51,240.64,0.80
P= 124.26,240.64,0.78
P= 124.53,240.21,0.77
P= 126.03,242.55,0.75
P= 129.29,242.55,0.77
P= 129.85,241.68,0.77
P= 128.84,240.11,0.78
P= 130.20,240.11,0.79
P= 129.37,241.41,0.80
P= 128.38,239.88,0.81
P= 127.02,239.88,0.80
P= 126.48,240.73,0.81
P= 127.46,242.27,0.80
P= 126.08,242.27,0.79
P= 128.59,238.35,0.76
P= 128.34,237.96,0.76
P= 128.80,237.96,0.76
P= 127.68,239.72,0.78
P= 128.93,241.68,0.76
P= 130.75,241.68,0.77
P= 131.32,240.80,0.77
P= 129.82,238.46,0.79
P= 129.82,238.46,0.79
P= 128.15,241.07,0.81
P= 127.90,240.69,0.81
P= 127.45,240.69,0.81
P= 128.00,239.83,0.80
P= 128.99,241.37,0.79
P= 128.08,241.37,0.78
P= 127.25,242.66,0.79
P= 127.50,243.05,0.79
P= 127.96,243.05,0.79
P= 129.34,240.89,0.77
P= 129.09,240.50,0.78
P= 129.55,240.50,0.78
P= 128.44,242.23,0.79
P= 128.44,242.23,0.79
P= 128.44,242.23,0.79
P= 128.16,242.66,0.80
P= 128.92,243.83,0.79
P= 128.92,243.83,0.79
P= 129.47,242.98,0.78
P= 128.96,242.19,0.79
P= 128.96,242.19,0.79
P= 129.24,241.76,0.78
P= 129.24,241.76,0.78
P= 126.47,241.76,0.76
P= 126.75,241.33,0.76
P= 127.25,242.11,0.75
P= 130.48,242.11,0.78
P= 129.92,242.98,0.78
P= 128.67,241.02,0.80
P= 128.22,241.02,0.80
P= 128.49,240.59,0.79
P= 129.74,242.55,0.78
P= 130.20,242.55,0.78
P= 130.75,241.68,0.77
P= 130.50,241.29,0.78
P= 128.68,241.29,0.76
P= 129.52,239.97,0.75
P= 129.52,239.97,0.75
P= 130.44,239.97,0.76
P= 128.21,243.44,0.79
P= 126.96,241.50,0.80
P= 126.05,241.50,0.80
P= 127.43,239.34,0.78
P= 129.18,242.08,0.76
P= 130.10,242.08,0.76
P= 129.82,242.51,0.77
P= 128.07,239.77,0.79
P= 128.07,239.77,0.79
P= 127.51,240.64,0.80
P= 129.52,243.77,0.77
P= 129.07,243.77,0.77
P= 129.90,242.48,0.76
P= 128.63,240.50,0.77
P= 128.63,240.50,0.77
P= 128.88,240.89,0.77
P= 129.34,240.89,0.77
P= 130.10,242.08,0.76
P= 129.18,242.08,0.76
P= 129.74,241.20,0.75
P= 130.00,241.60,0.75
P= 129.54,241.60,0.74
P= 130.68,239.82,0.73
P= 130.68,239.82,0.73
P= 131.14,239.82,0.73
P= 128.33,244.20,0.77
P= 126.82,241.84,0.79
P= 128.19,241.84,0.80
P= 128.74,240.98,0.79
P= 129.49,242.15,0.78
P= 130.05,241.29,0.77
P= 129.05,239.72,0.79
P= 131.62,235.72,0.76
P= 134.15,239.68,0.72
P= 132.78,239.68,0.71
P= 130.21,243.69,0.74
P= 128.93,241.68,0.76
P= 131.20,241.68,0.78
P= 128.21,246.36,0.81
P= 126.95,244.40,0.83
P= 123.28,244.40,0.80
P= 125.45,241.02,0.78
P= 126.70,242.98,0.76
P= 129.01,242.98,0.78
P= 128.46,243.83,0.78
P= 127.46,242.27,0.80
P= 125.61,242.27,0.78
P= 125.61,242.27,0.78
P= 126.62,243.83,0.77
P= 128.46,243.83,0.78
P= 128.46,243.83,0.78
P= 127.71,242.66,0.79
P= 129.07,242.66,0.80
P= 129.34,242.23,0.80
P= 129.09,241.84,0.80
P= 128.19,241.84,0.80
P= 128.46,241.41,0.79
P= 129.47,242.98,0.78
P= 126.23,242.98,0.76
P= 126.51,242.55,0.75
P= 126.51,242.55,0.75
P= 129.29,242.55,0.77
P= 130.69,240.36,0.76
P= 130.19,239.58,0.76
P= 129.27,239.58,0.76
P= 128.14,241.33,0.77
P= 127.89,240.94,0.77
P= 129.72,240.94,0.79
P= 129.17,241.80,0.79
P= 129.92,242.98,0.78
P= 129.01,242.98,0.78
P= 129.29,242.55,0.77
P= 129.04,242.15,0.78
P= 130.84,242.15,0.79
P= 131.09,242.55,0.79
P= 128.83,242.55,0.77
P= 128.33,241.76,0.78
P= 128.33,241.76,0.78
P= 128.05,242.19,0.78
P= 127.30,241.02,0.79
P= 130.45,241.02,0.81
P= 129.90,241.88,0.82
P= 130.90,243.44,0.81
P= 125.43,243.44,0.77
P= 126.53,241.72,0.75
P= 126.78,242.11,0.75
P= 128.65,242.11,0.76
P= 127.55,243.83,0.78
P= 126.79,242.66,0.79
P= 117.56,242.66,0.73
P= 117.56,242.66,0.73
P= 117.31,242.27,0.73
P= 117.31,242.27,0.73
P= 117.31,242.27,0.73
P= 121.84,235.20,0.68
P= 123.62,237.96,0.65
P= 135.57,237.96,0.73
P= 129.69,247.14,0.80
P= 128.42,245.15,0.82
P= 127.97,245.15,0.82
P= 128.50,244.32,0.81
P= 128.50,244.32,0.81
P= 128.05,244.32,0.81
P= 129.42,242.19,0.79
P= 129.17,241.80,0.79
P= 128.26,241.80,0.79
P= 128.81,240.94,0.78
P= 128.81,240.94,0.78
P= 126.97,240.94,0.77
P= 126.14,242.23,0.78
P= 126.14,242.23,0.78
P= 127.53,242.23,0.79
P= 128.08,241.37,0.78
P= 128.08,241.37,0.78
P= 131.67,241.37,0.81
P= 130.84,242.66,0.82
P= 131.09,243.05,0.81
P= 128.41,243.05,0.79
P= 128.14,243.47,0.80
P= 128.39,243.87,0.79
P= 128.39,243.87,0.79
P= 129.77,241.72,0.78
P= 129.27,240.94,0.78
P= 129.72,240.94,0.79
P= 128.89,242.23,0.80
P= 129.39,243.01,0.79
P= 128.03,243.01,0.78
P= 127.75,243.44,0.78
P= 128.26,244.23,0.78
P= 128.26,244.23,0.78
P= 129.36,242.51,0.76
P= 129.36,242.51,0.76
P= 128.90,242.51,0.76
P= 128.90,242.51,0.76
P= 129.16,242.91,0.76
P= 130.99,242.91,0.77
P= 132.11,241.16,0.76
P= 130.84,239.18,0.77
P= 130.39,239.18,0.77
P= 130.11,239.63,0.77
P= 130.11,239.63,0.77
P= 129.19,239.63,0.77
P= 128.35,240.94,0.78
P= 128.86,241.72,0.77
P= 129.77,241.72,0.78
P= 129.22,242.58,0.78
P= 129.47,242.98,0.78
P= 127.63,242.98,0.77
P= 127.08,243.83,0.77
P= 128.11,245.44,0.76
P= 130.40,245.44,0.78
P= 130.13,245.86,0.78
P= 127.85,242.30,0.81
P= 128.74,242.30,0.82
P= 129.74,243.87,0.80
P= 129.74,243.87,0.80
P= 130.84,242.15,0.79
P= 130.59,241.76,0.79
P= 129.24,241.76,0.78
P= 128.69,242.62,0.79
P= 129.96,244.61,0.77
P= 130.41,244.61,0.78
P= 130.41,244.61,0.78
P= 129.39,243.01,0.79
P= 129.39,243.01,0.79
P= 131.06,240.41,0.77
P= 130.31,239.24,0.78
P= 127.09,239.24,0.76
P= 126.81,239.68,0.76
P= 126.56,239.29,0.76
P= 129.33,239.29,0.78
P= 127.67,241.88,0.80
P= 128.67,243.44,0.79
P= 129.57,243.44,0.80
P= 129.30,243.87,0.80
P= 128.54,242.69,0.81
P= 127.64,242.69,0.80
P= 130.14,238.80,0.77
P= 130.89,239.97,0.76
P= 133.13,239.97,0.78
P= 132.88,239.58,0.78
P= 130.64,239.58,0.77
P= 132.17,241.96,0.75
P= 132.62,241.96,0.75
P= 130.13,245.86,0.78
P= 128.85,243.87,0.80
P= 128.85,243.87,0.80
P= 131.34,239.97,0.77
P= 130.34,238.41,0.78
P= 129.89,238.41,0.78
P= 127.12,242.73,0.81
P= 127.62,243.50,0.80
P= 126.71,243.50,0.80
P= 129.19,239.63,0.77
P= 129.44,240.02,0.76
P= 131.26,240.02,0.78
P= 129.59,242.62,0.80
P= 128.84,241.45,0.81
P= 127.94,241.45,0.80
P= 129.33,239.29,0.78
P= 130.08,240.46,0.77
P= 129.16,240.46,0.77
P= 128.33,241.76,0.78
P= 128.08,241.37,0.78
P= 127.62,241.37,0.78
P= 127.89,240.94,0.77
P= 127.40,240.16,0.78
P= 129.67,240.16,0.80
P= 128.30,242.30,0.81
P= 129.30,243.87,0.80
P= 127.02,243.87,0.78
P= 130.09,239.08,0.75
P= 129.84,238.69,0.75
P= 130.30,238.69,0.75
P= 131.16,237.34,0.74
P= 132.18,238.92,0.73
P= 132.18,238.92,0.73
P= 127.70,245.90,0.78
P= 126.44,243.93,0.80
P= 128.25,243.93,0.81
P= 130.73,240.06,0.78
P= 130.23,239.29,0.79
P= 129.78,239.29,0.79
P= 129.78,239.29,0.79
P= 131.03,241.24,0.77
P= 127.81,241.24,0.75
P= 128.66,239.92,0.74
P= 128.41,239.53,0.74
P= 129.34,239.53,0.75
P= 127.93,241.72,0.76
P= 128.19,242.11,0.76
P= 130.48,242.11,0.78
P= 130.48,242.11,0.78
P= 130.48,242.11,0.78
P= 128.65,242.11,0.76
P= 127.55,243.83,0.78
P= 127.29,243.44,0.78
P= 128.96,240.85,0.76
P= 128.96,240.85,0.76
P= 130.38,238.63,0.74
P= 130.63,239.03,0.74
P= 132.45,239.03,0.75
P= 130.48,242.11,0.78
P= 129.97,241.33,0.78
P= 128.60,241.33,0.77
P= 127.78,242.62,0.78
P= 128.03,243.01,0.78
P= 129.39,243.01,0.79
P= 129.39,243.01,0.79
P= 129.14,242.62,0.79
P= 127.32,242.62,0.78
P= 128.98,240.02,0.76
P= 128.98,240.02,0.76
P= 129.44,240.02,0.76
P= 128.88,240.89,0.77
P= 129.39,241.68,0.76
P= 131.20,241.68,0.78
P= 129.82,243.83,0.79
P= 129.82,243.83,0.79
P= 127.08,243.83,0.77
P= 129.03,240.80,0.75
P= 129.03,240.80,0.75
P= 129.49,240.80,0.75
P= 127.27,244.26,0.78
P= 126.02,242.30,0.80
P= 127.85,242.30,0.81
P= 128.12,241.88,0.81
P= 128.87,243.05,0.80
P= 127.96,243.05,0.79
P= 127.69,243.47,0.79
P= 127.69,243.47,0.79
P= 125.84,243.47,0.78
P= 127.49,240.89,0.76
P= 128.77,242.88,0.74
P= 130.16,242.88,0.75
P= 130.72,242.00,0.75
P= 129.70,240.41,0.76
P= 131.06,240.41,0.77
P= 129.12,243.44,0.79
P= 129.12,243.44,0.79
P= 129.12,243.44,0.79
P= 130.50,241.29,0.78
P= 130.75,241.68,0.77
P= 128.47,241.68,0.76
P= 127.91,242.55,0.76
P= 128.16,242.95,0.76
P= 129.54,242.95,0.77
P= 128.99,243.81,0.78
P= 128.49,243.01,0.78
P= 128.03,243.01,0.78
P= 127.75,243.44,0.78
P= 128.01,243.83,0.78
P= 128.46,243.83,0.78
P= 128.46,243.83,0.78
P= 128.21,243.44,0.79
P= 128.21,243.44,0.79
P= 129.87,240.85,0.77
P= 129.87,240.85,0.77
P= 129.87,240.85,0.77
P= 129.04,242.15,0.78
P= 128.78,241.76,0.78
P= 130.14,241.76,0.79
P= 129.04,243.47,0.80
P= 129.04,243.47,0.80
P= 124.90,243.47,0.77
P= 125.45,242.62,0.77
P= 129.14,242.62,0.79
P= 129.14,242.62,0.79
P= 129.90,243.81,0.78
P= 128.54,243.81,0.77
P= 129.09,242.95,0.77
P= 128.58,242.15,0.77
P= 129.94,242.15,0.78
P= 130.22,241.72,0.78
P= 130.48,242.11,0.78
P= 128.19,242.11,0.76
P= 126.81,244.26,0.78
P= 126.81,244.26,0.78
P= 128.65,244.26,0.79
P= 130.02,242.11,0.77
P= 130.02,242.11,0.77
P= 128.65,242.11,0.76
P= 127.55,243.83,0.78
P= 126.79,242.66,0.79
P= 126.79,242.66,0.79
P= 127.34,241.80,0.78
P= 126.84,241.02,0.79
P= 127.30,241.02,0.79
P= 126.75,241.88,0.80
P= 129.03,245.44,0.77
P= 128.57,245.44,0.76
P= 130.52,242.40,0.74
P= 128.98,240.02,0.76
P= 130.36,240.02,0.77
P= 130.64,239.58,0.77
P= 130.89,239.97,0.76
P= 129.06,239.97,0.75
P= 126.56,243.87,0.78
P= 126.06,243.08,0.79
P= 127.44,243.08,0.80
P= 129.65,239.63,0.77
P= 130.41,240.80,0.76
P= 129.95,240.80,0.76
P= 127.46,244.68,0.79
P= 127.21,244.29,0.79
P= 127.21,244.29,0.79
P= 128.03,243.01,0.78
P= 128.54,243.81,0.77
P= 128.08,243.81,0.77
P= 127.26,245.08,0.78
P= 127.26,245.08,0.78
P= 127.72,245.08,0.78
P= 127.72,245.08,0.78
P= 126.96,243.90,0.79
P= 127.87,243.90,0.80
P= 129.80,240.89,0.78
P= 130.30,241.68,0.77
P= 128.47,241.68,0.76
P= 127.36,243.41,0.77
P= 126.85,242.62,0.78
P= 128.23,242.62,0.79
P= 129.62,240.46,0.77
P= 130.13,241.24,0.76
P= 130.58,241.24,0.77
P= 129.19,243.41,0.78
P= 128.69,242.62,0.79
P= 127.32,242.62,0.78
P= 127.32,242.62,0.78
P= 127.57,243.01,0.78
P= 128.94,243.01,0.79
P= 129.77,241.72,0.78
P= 130.02,242.11,0.77
P= 131.82,242.11,0.79
P= 130.17,244.68,0.81
P= 129.92,244.29,0.81
P= 126.29,244.29,0.78
P= 128.77,240.41,0.75
P= 128.77,240.41,0.75
P= 131.51,240.41,0.77
P= 131.79,239.97,0.77
P= 132.30,240.76,0.76
P= 131.40,240.76,0.76
P= 130.84,241.64,0.76
P= 131.35,242.44,0.76
P= 131.35,242.44,0.76
P= 129.69,245.03,0.78
P= 128.67,243.44,0.79
P= 126.83,243.44,0.78
P= 127.66,242.15,0.77
P= 127.91,242.55,0.76
P= 126.98,242.55,0.76
P= 127.81,241.24,0.75
P= 127.81,241.24,0.75
P= 131.03,241.24,0.77
P= 130.20,242.55,0.78
P= 130.45,242.95,0.78
P= 130.90,242.95,0.78
P= 130.08,244.23,0.79
P= 129.32,243.05,0.80
P= 126.58,243.05,0.78
P= 126.58,243.05,0.78
P= 127.59,244.63,0.77
P= 129.43,244.63,0.78
P= 128.62,245.90,0.79
P= 128.36,245.50,0.79
P= 128.36,245.50,0.79
P= 129.13,246.70,0.78
P= 127.76,246.70,0.77
P= 128.30,245.86,0.77
P= 127.53,244.66,0.78
P= 129.80,244.66,0.79
P= 129.53,245.08,0.80
P= 129.53,245.08,0.80
P= 128.18,245.08,0.79
P= 130.38,241.64,0.76
P= 129.00,241.64,0.75
P= 127.34,244.23,0.77
P= 126.33,242.66,0.78
P= 127.25,242.66,0.79
P= 128.91,240.06,0.77
P= 129.16,240.46,0.77
P= 128.24,240.46,0.76
P= 128.24,240.46,0.76
P= 127.74,239.68,0.77
P= 129.58,239.68,0.78
P= 129.86,239.24,0.78
P= 130.61,240.41,0.77
P= 131.06,240.41,0.77
P= 130.22,241.72,0.78
P= 129.97,241.33,0.78
P= 129.97,241.33,0.78
P= 129.97,241.33,0.78
P= 129.72,240.94,0.79
P= 126.97,240.94,0.77
P= 126.97,240.94,0.77
P= 127.72,242.11,0.76
P= 130.02,242.11,0.77
P= 128.92,243.83,0.79
P= 127.67,241.88,0.80
P= 124.90,241.88,0.78
P= 126.56,239.29,0.76
P= 127.56,240.85,0.75
P= 129.42,240.85,0.76
P= 130.55,239.08,0.75
P= 130.80,239.48,0.75
P= 130.80,239.48,0.75
P= 130.52,239.92,0.75
P= 131.54,241.52,0.74
P= 132.46,241.52,0.74
P= 130.22,245.01,0.77
P= 130.22,245.01,0.77
P= 129.31,245.01,0.76
P= 129.03,245.44,0.77
P= 128.52,244.63,0.77
P= 128.98,244.63,0.78
P= 130.64,242.04,0.76
P= 130.13,241.24,0.76
P= 129.67,241.24,0.76
P= 128.83,242.55,0.77
P= 127.58,240.59,0.79
P= 128.04,240.59,0.79
P= 128.59,239.72,0.78
P= 130.87,243.28,0.75
P= 129.49,243.28,0.74
P= 129.77,242.84,0.74
P= 129.00,241.64,0.75
P= 130.38,241.64,0.76
P= 128.72,244.23,0.78
P= 128.72,244.23,0.78
P= 130.08,244.23,0.79
P= 130.63,243.38,0.78
P= 130.63,243.38,0.78
P= 129.27,243.38,0.77
P= 129.82,242.51,0.77
P= 129.57,242.11,0.77
P= 128.19,242.11,0.76
P= 128.75,241.24,0.75
P= 128.49,240.85,0.76
P= 127.56,240.85,0.75
P= 127.84,240.41,0.75
P= 127.59,240.02,0.75
P= 129.90,240.02,0.77
P= 129.34,240.89,0.77
P= 129.85,241.68,0.77
P= 130.75,241.68,0.77
P= 131.60,240.36,0.76
P= 131.60,240.36,0.76
P= 129.31,240.36,0.75
P= 127.36,243.41,0.77
P= 127.61,243.81,0.77
P= 128.54,243.81,0.77
P= 129.64,242.08,0.76
P= 129.39,241.68,0.76
P= 131.20,241.68,0.78
P= 128.74,245.52,0.81
P= 128.49,245.13,0.81
P= 127.58,245.13,0.80
P= 128.67,243.44,0.79
P= 128.41,243.05,0.79
P= 128.41,243.05,0.79
P= 128.14,243.47,0.80
P= 128.90,244.66,0.79
P= 128.45,244.66,0.78
P= 130.10,242.08,0.76
P= 130.10,242.08,0.76
P= 131.46,242.08,0.77
P= 129.80,244.66,0.79
P= 129.55,244.26,0.80
P= 127.73,244.26,0.78
P= 130.80,239.48,0.75
P= 131.31,240.27,0.74
P= 132.23,240.27,0.75
P= 130.26,243.34,0.77
P= 129.74,242.55,0.78
P= 128.37,242.55,0.77
P= 127.55,243.83,0.78
P= 126.79,242.66,0.79
P= 127.25,242.66,0.79
P= 128.63,240.50,0.77
P= 128.63,240.50,0.77
P= 130.45,240.50,0.79
P= 129.89,241.37,0.79
P= 131.41,243.75,0.77
P= 131.41,243.75,0.77
P= 131.41,243.75,0.77
P= 129.64,240.98,0.80
P= 128.28,240.98,0.79
P= 127.73,241.84,0.79
P= 128.74,243.41,0.78
P= 130.10,243.41,0.79
P= 131.77,240.80,0.77
P= 131.77,240.80,0.77
P= 130.86,240.80,0.76
P= 128.65,244.26,0.79
P= 129.16,245.06,0.78
P= 128.70,245.06,0.78
P= 130.36,242.48,0.76
P= 129.85,241.68,0.77
P= 130.30,241.68,0.77
P= 129.19,243.41,0.78
P= 129.45,243.81,0.78
P= 126.68,243.81,0.76
P= 127.79,242.08,0.75
P= 127.28,241.29,0.75
P= 130.05,241.29,0.77
P= 129.22,242.58,0.78
P= 129.47,242.98,0.78
P= 133.45,236.76,0.73
P= 135.53,240.00,0.71
P= 136.88,240.00,0.72
P= 132.34,247.07,0.77
P= 130.52,244.23,0.79
P= 130.08,244.23,0.79
P= 130.63,243.38,0.78
P= 130.37,242.98,0.79
P= 127.17,242.98,0.76
P= 128.84,240.36,0.74
P= 128.84,240.36,0.74
P= 129.77,240.36,0.75
P= 129.21,241.24,0.76
P= 129.72,242.04,0.75
P= 131.54,242.04,0.76
P= 130.16,244.20,0.78
P= 130.16,244.20,0.78
P= 126.93,244.20,0.76
P= 128.89,241.16,0.73
P= 129.92,242.78,0.72
P= 131.32,242.78,0.73
P= 130.47,244.09,0.74
P= 129.44,242.48,0.75
P= 129.90,242.48,0.76
P= 129.90,242.48,0.76
P= 130.16,242.88,0.75
P= 130.16,242.88,0.75
P= 129.60,243.75,0.76
P= 130.12,244.55,0.75
P= 131.48,244.55,0.76
P= 133.17,241.93,0.74
P= 132.91,241.52,0.75
P= 132.00,241.52,0.74
P= 129.76,245.01,0.77
P= 129.76,245.01,0.77
P= 128.38,245.01,0.76
P= 128.93,244.15,0.75
P= 128.16,242.95,0.76
P= 130.45,242.95,0.78
P= 129.35,244.66,0.79
P= 129.10,244.26,0.79
P= 125.88,244.26,0.77
P= 128.38,240.36,0.74
P= 130.18,243.18,0.72
P= 132.95,243.18,0.74
P= 134.10,241.40,0.72
P= 132.80,239.38,0.74
P= 130.96,239.38,0.73
P= 128.98,242.48,0.75
P= 127.96,240.89,0.76
P= 128.88,240.89,0.77
P= 127.50,243.05,0.79
P= 128.52,244.63,0.77
P= 128.52,244.63,0.77
P= 129.34,243.34,0.76
P= 130.38,244.96,0.75
P= 130.84,244.96,0.75
P= 130.28,245.82,0.76
P= 129.83,245.82,0.76
P= 130.66,244.53,0.75
P= 129.62,242.91,0.76
P= 129.62,242.91,0.76
P= 129.90,242.48,0.76
P= 129.90,242.48,0.76
P= 128.98,242.48,0.75
P= 127.59,244.63,0.77
P= 127.08,243.83,0.77
P= 127.08,243.83,0.77
P= 129.31,240.36,0.75
P= 129.31,240.36,0.75
P= 131.15,240.36,0.76
P= 128.65,244.26,0.79
P= 129.16,245.06,0.78
P= 127.78,245.06,0.77
P= 129.72,242.04,0.75
P= 129.72,242.04,0.75
P= 131.54,242.04,0.76
P= 130.71,243.34,0.77
P= 130.96,243.75,0.77
P= 130.06,243.75,0.76
P= 130.06,243.75,0.76
P= 129.04,242.15,0.78
P= 129.49,242.15,0.78
P= 129.49,242.15,0.78
P= 129.74,242.55,0.78
P= 128.37,242.55,0.77
P= 129.21,241.24,0.76
P= 129.46,241.64,0.75
P= 130.38,241.64,0.76
P= 129.82,242.51,0.77
P= 130.33,243.31,0.76
P= 129.88,243.31,0.76
P= 131.28,241.12,0.74
P= 131.54,241.52,0.74
P= 132.00,241.52,0.74
P= 130.87,243.28,0.75
P= 130.36,242.48,0.76
P= 128.98,242.48,0.75
P= 130.10,240.72,0.74
P= 130.88,241.93,0.73
P= 131.34,241.93,0.73
P= 130.21,243.69,0.74
P= 130.74,244.50,0.74
P= 131.65,244.50,0.74
P= 130.55,246.23,0.76
P= 130.02,245.41,0.76
P= 130.48,245.41,0.77
P= 131.59,243.69,0.75
P= 131.07,242.88,0.76
P= 130.16,242.88,0.75
P= 130.44,242.44,0.75
P= 129.67,241.24,0.76
P= 130.13,241.24,0.76
P= 129.85,241.68,0.77
P= 130.36,242.48,0.76
P= 130.36,242.48,0.76
P= 130.92,241.60,0.75
P= 131.43,242.40,0.75
P= 131.43,242.40,0.75
P= 130.32,244.15,0.76
P= 129.29,242.55,0.77
P= 128.37,242.55,0.77
P= 128.37,242.55,0.77
P= 129.66,244.55,0.75
P= 129.66,244.55,0.75
P= 129.93,244.12,0.75
P= 129.16,242.91,0.76
P= 129.16,242.91,0.76
P= 128.06,244.63,0.77
P= 128.57,245.44,0.76
P= 129.49,245.44,0.77
P= 133.15,239.73,0.73
P= 133.60,239.73,0.73
P= 130.22,245.01,0.77
P= 129.70,244.20,0.78
P= 129.25,244.20,0.77
P= 131.20,241.16,0.75
P= 131.72,241.96,0.74
P= 130.34,241.96,0.73
P= 129.21,243.72,0.75
P= 128.70,242.91,0.75
P= 131.88,242.91,0.78
P= 131.61,243.34,0.78
P= 131.09,242.55,0.79
P= 130.65,242.55,0.78
P= 131.20,241.68,0.78
P= 130.95,241.29,0.78
P= 129.59,241.29,0.77
P= 129.59,241.29,0.77
P= 130.87,243.28,0.75
P= 131.33,243.28,0.76
P= 130.49,244.58,0.77
P= 129.98,243.77,0.77
P= 128.14,243.77,0.76
P= 128.98,242.48,0.75
P= 129.23,242.88,0.75
P= 130.16,242.88,0.75
P= 129.05,244.61,0.77
P= 129.05,244.61,0.77
P= 130.41,244.61,0.78
P= 130.14,245.03,0.78
P= 129.37,243.83,0.79
P= 127.55,243.83,0.78
P= 127.82,243.41,0.77
P= 127.32,242.62,0.78
P= 125.92,242.62,0.77
P= 126.47,241.76,0.76
P= 127.49,243.34,0.75
P= 130.71,243.34,0.77
P= 129.88,244.63,0.78
P= 129.37,243.83,0.79
P= 128.46,243.83,0.78
P= 129.29,242.55,0.77
P= 130.32,244.15,0.76
P= 130.77,244.15,0.76
P= 129.40,246.28,0.78
P= 128.89,245.48,0.79
P= 128.43,245.48,0.78
P= 131.77,240.27,0.74
P= 131.01,239.08,0.75
P= 132.36,239.08,0.76
P= 131.51,240.41,0.77
P= 132.02,241.20,0.77
P= 132.02,241.20,0.77
P= 131.18,242.51,0.78
P= 131.95,243.72,0.77
P= 130.14,243.72,0.75
P= 130.14,243.72,0.75
P= 129.11,242.11,0.77
P= 129.11,242.11,0.77
P= 128.83,242.55,0.77
P= 129.34,243.34,0.76
P= 129.34,243.34,0.76
P= 130.18,242.04,0.75
P= 130.18,242.04,0.75
P= 130.18,242.04,0.75
P= 129.07,243.77,0.77
P= 128.30,242.58,0.78
P= 129.22,242.58,0.78
P= 129.77,241.72,0.78
P= 130.53,242.91,0.77
P= 129.62,242.91,0.76
P= 131.31,240.27,0.74
P= 131.06,239.87,0.74
P= 129.67,239.87,0.73
P= 129.10,240.76,0.74
P= 128.84,240.36,0.74
P= 131.60,240.36,0.76
P= 131.03,241.24,0.77
P= 131.29,241.64,0.77
P= 129.92,241.64,0.76
P= 128.26,244.23,0.78
P= 128.52,244.63,0.77
P= 129.88,244.63,0.78
P= 132.39,240.72,0.75
P= 133.17,241.93,0.74
P= 131.80,241.93,0.73
P= 130.39,244.12,0.75
P= 129.88,243.31,0.76
P= 130.79,243.31,0.76
P= 130.51,243.75,0.77
P= 131.29,244.96,0.76
P= 132.19,244.96,0.76
P= 132.47,244.53,0.76
P= 132.21,244.12,0.76
P= 131.76,244.12,0.76
P= 132.32,243.25,0.75
P= 131.80,242.44,0.76
P= 135.26,237.04,0.72
P= 137.10,239.90,0.70
P= 136.19,239.90,0.69
P= 131.89,246.61,0.74
P= 130.84,244.96,0.75
P= 129.46,244.96,0.74
P= 129.18,245.39,0.75
P= 128.92,244.98,0.75
P= 133.79,237.39,0.69
P= 135.91,240.70,0.67
P= 137.75,240.70,0.68
P= 134.84,245.24,0.71
P= 132.71,241.93,0.74
P= 133.17,241.93,0.74
P= 132.88,242.37,0.75
P= 131.09,239.58,0.77
P= 130.19,239.58,0.76
P= 129.62,240.46,0.77
P= 130.89,242.44,0.75
P= 129.05,242.44,0.74
P= 128.21,243.75,0.75
P= 128.47,244.15,0.75
P= 133.01,244.15,0.78
P= 132.73,244.58,0.78
P= 132.22,243.77,0.79
P= 129.52,243.77,0.77
P= 129.80,243.34,0.77
P= 130.58,244.55,0.76
P= 129.66,244.55,0.75
P= 129.93,244.12,0.75
P= 129.68,243.72,0.75
P= 129.68,243.72,0.75
P= 130.52,242.40,0.74
P= 130.00,241.60,0.75
P= 131.37,241.60,0.76
P= 129.43,244.63,0.78
P= 129.95,245.44,0.77
P= 130.40,245.44,0.78
P= 130.40,245.44,0.78
P= 129.63,244.23,0.79
P= 128.72,244.23,0.78
P= 130.38,241.64,0.76
P= 130.89,242.44,0.75
P= 130.44,242.44,0.75
P= 130.44,242.44,0.75
P= 130.44,242.44,0.75
P= 130.89,242.44,0.75
P= 131.46,241.56,0.75
P= 131.98,242.37,0.74
P= 131.98,242.37,0.74
P= 130.02,245.41,0.76
P= 128.74,243.41,0.78
P= 130.10,243.41,0.79
P= 132.05,240.36,0.77
P= 134.12,243.60,0.74
P= 133.22,243.60,0.73
P= 131.82,245.78,0.75
P= 130.51,243.75,0.77
P= 128.21,243.75,0.75
P= 128.21,243.75,0.75
P= 128.99,244.96,0.74
P= 129.92,244.96,0.75
P= 131.32,242.78,0.73
P= 130.80,241.96,0.74
P= 131.26,241.96,0.74
P= 130.98,242.40,0.74
P= 131.24,242.81,0.74
P= 131.24,242.81,0.74
P= 130.39,244.12,0.75
P= 131.45,245.76,0.74
P= 133.71,245.76,0.75
P= 134.55,244.45,0.74
P= 133.24,242.40,0.76
P= 130.98,242.40,0.74
P= 131.83,241.08,0.73
P= 132.09,241.48,0.73
P= 132.54,241.48,0.73
P= 132.26,241.93,0.74
P= 131.74,241.12,0.74
P= 129.90,241.12,0.73
P= 131.63,238.42,0.71
P= 131.88,238.82,0.71
P= 134.64,238.82,0.73
P= 132.06,242.84,0.76
P= 132.58,243.65,0.75
P= 131.67,243.65,0.74
P= 130.84,244.96,0.75
P= 130.58,244.55,0.76
P= 130.12,244.55,0.75
P= 132.09,241.48,0.73
P= 131.83,241.08,0.73
P= 134.09,241.08,0.75
P= 132.96,242.84,0.76
P= 133.22,243.25,0.76
P= 130.95,243.25,0.74
P= 131.80,241.93,0.73
P= 131.03,240.72,0.74
P= 131.03,240.72,0.74
P= 130.74,241.16,0.75
P= 130.49,240.76,0.75
P= 131.40,240.76,0.76
P= 130.56,242.08,0.77
P= 131.33,243.28,0.76
P= 131.33,243.28,0.76
P= 132.74,241.08,0.74
P= 133.26,241.89,0.73
P= 134.16,241.89,0.74
P= 133.59,242.78,0.75
P= 133.07,241.96,0.75
P= 130.34,241.96,0.73
P= 130.05,242.40,0.74
P= 129.54,241.60,0.74
P= 129.54,241.60,0.74
P= 128.98,242.48,0.75
P= 130.27,244.50,0.73
P= 132.56,244.50,0.75
P= 132.01,245.37,0.76
P= 130.71,243.34,0.77
P= 130.26,243.34,0.77
P= 131.66,241.16,0.75
P= 131.66,241.16,0.75
P= 132.11,241.16,0.76
P= 131.83,241.60,0.76
P= 133.12,243.63,0.74
P= 132.67,243.63,0.74
P= 132.67,243.63,0.74
P= 132.41,243.22,0.74
P= 131.50,243.22,0.74
P= 132.92,240.99,0.72
P= 133.45,241.81,0.71
P= 132.53,241.81,0.71
P= 132.53,241.81,0.71
P= 132.26,241.40,0.71
P= 133.18,241.40,0.72
P= 130.64,245.37,0.75
P= 130.90,245.78,0.74
P= 130.44,245.78,0.74
P= 130.72,245.35,0.74
P= 130.46,244.94,0.74
P= 129.06,244.94,0.73
P= 132.20,240.04,0.69
P= 132.46,240.45,0.69
P= 136.13,240.45,0.72
P= 133.56,244.48,0.75
P= 132.77,243.25,0.76
P= 130.03,243.25,0.74
P= 130.59,242.37,0.73
P= 131.38,243.60,0.72
P= 133.22,243.60,0.73
P= 132.65,244.48,0.74
P= 131.87,243.25,0.75
P= 130.49,243.25,0.74
P= 129.66,244.55,0.75
P= 129.14,243.75,0.76
P= 130.51,243.75,0.77
P= 130.79,243.31,0.76
P= 131.57,244.53,0.75
P= 132.92,244.53,0.76
P= 133.20,244.09,0.76
P= 133.20,244.09,0.76
P= 130.93,244.09,0.74
P= 130.66,244.53,0.75
P= 129.62,242.91,0.76
P= 129.16,242.91,0.76
P= 128.33,244.20,0.77
P= 129.89,246.64,0.75
P= 129.89,246.64,0.75
P= 132.41,242.71,0.72
P= 132.15,242.30,0.72
P= 132.61,242.30,0.72
P= 131.48,244.06,0.74
P= 130.95,243.25,0.74
P= 130.95,243.25,0.74
P= 130.12,244.55,0.75
P= 129.86,244.15,0.76
P= 130.77,244.15,0.76
P= 131.05,243.72,0.76
P= 132.09,245.35,0.75
P= 132.55,245.35,0.75
P= 134.53,242.26,0.73
P= 132.96,239.82,0.75
P= 131.60,239.82,0.74
P= 130.74,241.16,0.75
P= 131.52,242.37,0.74
P= 130.59,242.37,0.73
P= 130.88,241.93,0.73
P= 131.40,242.74,0.72
P= 132.78,242.74,0.73
P= 130.82,245.80,0.75
P= 130.82,245.80,0.75
P= 130.36,245.80,0.75
P= 130.64,245.37,0.75
P= 130.64,245.37,0.75
P= 131.10,245.37,0.75
P= 130.82,245.80,0.75
P= 130.82,245.80,0.75
P= 132.18,245.80,0.76
P= 133.57,243.63,0.75
P= 132.53,242.00,0.76
P= 129.79,242.00,0.74
P= 130.08,241.56,0.74
P= 131.38,243.60,0.72
P= 132.30,243.60,0.73
P= 133.45,241.81,0.71
P= 132.66,240.58,0.72
P= 133.12,240.58,0.73
P= 131.98,242.37,0.74
P= 131.98,242.37,0.74
P= 131.52,242.37,0.74
P= 130.39,244.12,0.75
P= 130.92,244.94,0.74
P= 129.06,244.94,0.73
P= 130.18,243.18,0.72
P= 130.18,243.18,0.72
P= 131.12,243.18,0.72
P= 129.99,244.94,0.74
P= 129.73,244.53,0.74
P= 130.20,244.53,0.74
P= 130.47,244.09,0.74
P= 130.47,244.09,0.74
P= 133.64,244.09,0.76
P= 133.64,244.09,0.76
P= 133.90,244.50,0.76
P= 130.74,244.50,0.74
P= 130.46,244.94,0.74
P= 129.16,242.91,0.76
P= 127.78,245.06,0.77
P= 128.04,245.46,0.77
P= 132.55,238.42,0.72
P= 134.93,242.12,0.69
P= 134.46,242.12,0.68
P= 132.73,244.82,0.70
P= 131.14,242.33,0.72
P= 133.88,242.33,0.74
P= 131.37,246.25,0.77
P= 131.37,246.25,0.77
P= 128.63,246.25,0.75
P= 131.14,242.33,0.72
P= 130.36,241.12,0.73
P= 131.28,241.12,0.74
P= 128.77,245.03,0.77
P= 129.55,246.25,0.76
P= 128.16,246.25,0.75
P= 130.39,242.78,0.72
P= 130.92,243.60,0.72
P= 133.22,243.60,0.73
P= 132.65,244.48,0.74
P= 132.39,244.06,0.74
P= 134.18,244.06,0.76
P= 133.07,245.80,0.77
P= 133.07,245.80,0.77
P= 130.36,245.80,0.75
P= 131.20,244.50,0.74
P= 131.46,244.91,0.74
P= 132.83,244.91,0.75
P= 132.27,245.78,0.75
P= 131.48,244.55,0.76
P= 131.48,244.55,0.76
P= 132.60,242.81,0.75
P= 133.65,244.45,0.74
P= 134.55,244.45,0.74
P= 133.71,245.76,0.75
P= 132.66,244.12,0.77
P= 131.76,244.12,0.76
P= 133.17,241.93,0.74
P= 132.91,241.52,0.75
P= 133.36,241.52,0.75
P= 132.23,243.28,0.76
P= 133.01,244.50,0.75
P= 131.20,244.50,0.74
P= 131.76,243.63,0.73
P= 132.29,244.45,0.73
P= 133.65,244.45,0.74
P= 133.93,244.01,0.73
P= 133.67,243.60,0.74
P= 131.38,243.60,0.72
P= 131.10,244.04,0.72
P= 131.10,244.04,0.72
P= 132.48,244.04,0.73
P= 130.81,246.64,0.75
P= 130.28,245.82,0.76
P= 130.28,245.82,0.76
P= 130.01,246.25,0.76
P= 128.98,244.63,0.78
P= 128.06,244.63,0.77
P= 128.61,243.77,0.76
P= 129.38,244.98,0.75
P= 127.98,244.98,0.74
P= 129.57,247.46,0.72
P= 130.97,247.46,0.73
P= 130.97,247.46,0.73
P= 131.88,247.46,0.74
P= 132.16,247.02,0.74
P= 130.58,244.55,0.76
P= 129.66,244.55,0.75
P= 129.93,244.12,0.75
P= 130.20,244.53,0.74
P= 132.02,244.53,0.76
P= 131.19,245.82,0.77
P= 131.45,246.23,0.76
P= 130.09,246.23,0.75
P= 130.64,245.37,0.75
P= 130.90,245.78,0.74
P= 130.90,245.78,0.74
P= 132.02,244.04,0.73
P= 132.55,244.86,0.72
P= 133.47,244.86,0.73
P= 132.35,246.61,0.74
P= 131.03,244.55,0.76
P= 130.58,244.55,0.76
P= 132.54,241.48,0.73
P= 133.07,242.30,0.73
P= 133.07,242.30,0.73
P= 130.27,246.66,0.76
P= 130.27,246.66,0.76
P= 128.43,246.66,0.75
P= 129.81,244.50,0.73
P= 129.55,244.09,0.73
P= 134.52,244.09,0.77
P= 133.97,244.96,0.78
P= 134.49,245.78,0.77
P= 129.98,245.78,0.74
P= 130.54,244.91,0.73
P= 131.34,246.16,0.72
P= 133.62,246.16,0.74
P= 133.07,247.02,0.74
P= 131.74,244.96,0.76
P= 129.46,244.96,0.74
P= 130.29,243.65,0.73
P= 130.82,244.48,0.73
P= 131.74,244.48,0.73
P= 131.18,245.35,0.74
P= 130.92,244.94,0.74
P= 131.83,244.94,0.75
P= 132.95,243.18,0.74
P= 133.22,243.60,0.73
P= 132.76,243.60,0.73
P= 131.09,246.21,0.75
P= 130.30,244.98,0.76
P= 130.30,244.98,0.76
P= 133.12,240.58,0.73
P= 133.38,240.99,0.72
P= 132.00,240.99,0.71
P= 130.29,243.65,0.73
P= 131.08,244.89,0.72
P= 130.62,244.89,0.72
P= 131.75,243.12,0.71
P= 130.18,240.67,0.73
P= 132.93,240.67,0.75
P= 131.24,243.31,0.77
P= 131.76,244.12,0.76
P= 130.39,244.12,0.75
P= 132.66,240.58,0.72
P= 133.18,241.40,0.72
P= 133.18,241.40,0.72
P= 132.33,242.74,0.73
P= 132.59,243.15,0.72
P= 132.59,243.15,0.72
P= 130.08,247.07,0.75
P= 129.55,246.25,0.76
P= 129.55,246.25,0.76
P= 130.10,245.39,0.75
P= 130.10,245.39,0.75
P= 130.56,245.39,0.76
P= 131.39,244.09,0.75
P= 132.98,246.58,0.73
P= 133.44,246.58,0.73
P= 132.11,244.50,0.75
P= 132.11,244.50,0.75
P= 133.17,246.16,0.73
P= 134.97,246.16,0.75
P= 134.97,246.16,0.75
P= 133.12,243.28,0.77
P= 128.56,243.28,0.74
P= 128.84,242.84,0.73
P= 129.62,244.06,0.72
P= 131.48,244.06,0.74
P= 132.04,243.18,0.73
P= 131.78,242.78,0.73
P= 132.24,242.78,0.74
P= 131.95,243.22,0.74
P= 131.95,243.22,0.74
P= 131.95,243.22,0.74
P= 131.67,243.65,0.74
P= 130.38,241.64,0.76
P= 129.00,241.64,0.75
P= 127.89,243.38,0.76
P= 129.44,245.80,0.74
P= 130.82,245.80,0.75
P= 130.55,246.23,0.76
P= 130.28,245.82,0.76
P= 129.83,245.82,0.76
P= 131.21,243.65,0.74
P= 131.48,244.06,0.74
P= 129.15,244.06,0.72
P= 129.15,244.06,0.72
P= 129.15,244.06,0.72
P= 131.93,244.06,0.74
P= 130.55,246.23,0.76
P= 130.55,246.23,0.76
P= 131.45,246.23,0.76
P= 131.18,246.66,0.77
P= 130.92,246.25,0.77
P= 130.01,246.25,0.76
P= 131.11,244.53,0.75
P= 130.59,243.72,0.76
P= 129.21,243.72,0.75
P= 128.66,244.58,0.75
P= 129.18,245.39,0.75
P= 130.56,245.39,0.76
P= 131.39,244.09,0.75
P= 132.18,245.33,0.74
P= 131.73,245.33,0.73
P= 132.29,244.45,0.73
P= 132.82,245.28,0.72
P= 132.36,245.28,0.72
P= 130.69,247.89,0.74
P= 129.89,246.64,0.75
P= 130.81,246.64,0.75
P= 132.76,243.60,0.73
P= 133.03,244.01,0.73
P= 133.48,244.01,0.73
P= 132.64,245.33,0.74
P= 131.85,244.09,0.75
P= 130.93,244.09,0.74
P= 130.38,244.96,0.75
P= 130.64,245.37,0.75
P= 132.01,245.37,0.76
P= 133.41,243.18,0.74
P= 133.93,244.01,0.73
P= 131.18,244.01,0.71
P= 131.18,244.01,0.71
P= 131.71,244.84,0.71
P= 133.10,244.84,0.72
P= 132.82,245.28,0.72
P= 132.02,244.04,0.73
P= 132.48,244.04,0.73
P= 132.76,243.60,0.73
P= 132.50,243.18,0.73
P= 129.71,243.18,0.71
P= 129.71,243.18,0.71
P= 128.93,241.96,0.72
P= 130.34,241.96,0.73
P= 130.62,241.52,0.73
P= 131.40,242.74,0.72
P= 131.40,242.74,0.72
P= 128.89,246.66,0.75
P= 128.63,246.25,0.75
P= 130.47,246.25,0.77
P= 132.69,242.78,0.74
P= 132.95,243.18,0.74
P= 132.95,243.18,0.74
P= 134.39,240.95,0.72
P= 133.86,240.13,0.73
P= 132.03,240.13,0.71
P= 130.59,242.37,0.73
P= 131.38,243.60,0.72
P= 132.76,243.60,0.73
P= 131.92,244.91,0.74
P= 131.92,244.91,0.74
P= 130.07,244.91,0.73
P= 130.07,244.91,0.73
P= 132.37,244.91,0.74
P= 133.98,247.42,0.72
P= 133.07,247.42,0.72
P= 133.35,246.98,0.71
P= 132.01,244.89,0.73
P= 134.71,244.89,0.75
P= 133.88,246.19,0.76
P= 132.31,243.75,0.78
P= 129.60,243.75,0.76
P= 129.88,243.31,0.76
P= 130.39,244.12,0.75
P= 129.01,244.12,0.74
P= 129.57,243.25,0.73
P= 130.35,244.48,0.72
P= 130.35,244.48,0.72
P= 128.42,247.49,0.75
P= 128.15,247.08,0.75
P= 129.08,247.08,0.76
P= 130.18,245.37,0.74
P= 130.44,245.78,0.74
P= 131.82,245.78,0.75
P= 133.79,242.71,0.73
P= 134.05,243.12,0.72
P= 131.75,243.12,0.71
P= 131.46,243.56,0.71
P= 131.20,243.15,0.71
P= 133.05,243.15,0.73
P= 131.64,245.35,0.74
P= 131.11,244.53,0.75
P= 131.57,244.53,0.75
P= 131.01,245.39,0.76
P= 132.07,247.04,0.75
P= 129.77,247.04,0.73
P= 130.05,246.61,0.73
P= 128.47,244.15,0.75
P= 131.22,244.15,0.77
P= 132.06,242.84,0.76
P= 133.64,245.30,0.74
P= 132.27,245.30,0.73
P= 130.61,247.90,0.75
P= 129.82,246.66,0.76
P= 129.82,246.66,0.76
P= 131.76,243.63,0.73
P= 131.76,243.63,0.73
P= 132.67,243.63,0.74
P= 133.81,241.85,0.73
P= 131.51,241.85,0.71
P= 131.80,241.40,0.71
P= 132.32,242.22,0.70
P= 135.53,242.22,0.72
P= 134.10,244.45,0.74
P= 132.74,244.45,0.73
P= 131.90,245.76,0.74
P= 131.38,244.94,0.75
P= 131.83,244.94,0.75
P= 132.95,243.18,0.74
P= 133.48,244.01,0.73
P= 132.57,244.01,0.72
P= 130.34,247.48,0.75
P= 130.08,247.07,0.75
P= 130.08,247.07,0.75
P= 132.30,243.60,0.73
P= 132.04,243.18,0.73
P= 131.58,243.18,0.73
P= 131.30,243.63,0.73
P= 132.63,245.70,0.71
P= 131.70,245.70,0.71
P= 130.31,247.88,0.72
P= 128.98,245.80,0.74
P= 132.63,245.80,0.77
P= 133.46,244.50,0.76
P= 134.25,245.74,0.75
P= 129.66,245.74,0.71
P= 129.11,246.61,0.72
P= 129.38,247.02,0.72
P= 132.16,247.02,0.74
P= 131.33,248.31,0.75
P= 130.27,246.66,0.76
P= 127.96,246.66,0.74
P= 129.06,244.94,0.73
P= 128.80,244.53,0.73
P= 131.11,244.53,0.75
P= 131.95,243.22,0.74
P= 132.74,244.45,0.73
P= 134.55,244.45,0.74
P= 133.43,246.19,0.76
P= 133.17,245.78,0.76
P= 133.17,245.78,0.76
P= 135.71,241.81,0.73
P= 135.45,241.40,0.73
P= 133.18,241.40,0.72
P= 130.92,244.94,0.74
P= 130.14,243.72,0.75
P= 130.59,243.72,0.76
P= 130.87,243.28,0.75
P= 131.65,244.50,0.74
P= 131.20,244.50,0.74
P= 131.76,243.63,0.73
P= 132.29,244.45,0.73
P= 130.43,244.45,0.71
P= 129.04,246.62,0.73
P= 128.51,245.80,0.74
P= 131.28,245.80,0.76
P= 131.83,244.94,0.75
P= 132.36,245.76,0.74
P= 132.36,245.76,0.74
P= 130.98,247.91,0.76
P= 131.25,248.32,0.76
P= 131.25,248.32,0.76
P= 132.07,247.04,0.75
P= 130.49,244.58,0.77
P= 130.95,244.58,0.77
P= 131.78,243.28,0.76
P= 132.04,243.69,0.76
P= 132.49,243.69,0.76
P= 131.11,245.84,0.78
P= 131.89,247.07,0.77
P= 130.08,247.07,0.75
P= 132.30,243.60,0.73
P= 132.30,243.60,0.73
P= 134.12,243.60,0.74
P= 131.89,247.07,0.77
P= 131.63,246.66,0.77
P= 129.36,246.66,0.75
P= 131.02,244.06,0.73
P= 131.54,244.89,0.73
P= 132.46,244.89,0.73
P= 132.18,245.33,0.74
P= 132.18,245.33,0.74
P= 131.26,245.33,0.73
P= 130.99,245.76,0.73
P= 131.52,246.59,0.73
P= 131.98,246.59,0.73
P= 131.98,246.59,0.73
P= 131.71,246.18,0.73
P= 133.98,246.18,0.75
P= 133.42,247.04,0.76
P= 133.16,246.62,0.76
P= 133.16,246.62,0.76
P= 132.33,247.91,0.77
P= 131.28,246.27,0.78
P= 130.84,246.27,0.78
P= 131.66,244.98,0.77
P= 131.66,244.98,0.77
P= 132.55,244.98,0.78
P= 132.55,244.98,0.78
P= 133.07,245.80,0.77
P= 129.44,245.80,0.74
P= 128.89,246.66,0.75
P= 128.89,246.66,0.75
P= 127.96,246.66,0.74
P= 128.51,245.80,0.74
P= 127.73,244.58,0.75
P= 130.04,244.58,0.76
P= 128.95,246.28,0.78
P= 129.73,247.50,0.77
P= 128.35,247.50,0.76
P= 131.97,241.85,0.71
P= 131.97,241.85,0.71
P= 132.90,241.85,0.72
P= 130.92,244.94,0.74
P= 131.98,246.59,0.73
P= 130.12,246.59,0.72
P= 131.53,244.40,0.70
P= 130.73,243.15,0.71
P= 129.79,243.15,0.70
P= 129.79,243.15,0.70
P= 129.79,243.15,0.70
P= 132.59,243.15,0.72
P= 132.30,243.60,0.73
P= 132.57,244.01,0.72
P= 133.48,244.01,0.73
P= 133.48,244.01,0.73
P= 132.95,243.18,0.74
P= 132.04,243.18,0.73
P= 130.09,246.23,0.75
P= 130.35,246.64,0.75
P= 129.89,246.64,0.75
P= 130.44,245.78,0.74
P= 130.44,245.78,0.74
P= 131.36,245.78,0.75
P= 131.36,245.78,0.75
P= 131.36,245.78,0.75
P= 130.90,245.78,0.74
P= 131.18,245.35,0.74
P= 131.98,246.59,0.73
P= 133.34,246.59,0.74
P= 135.04,243.95,0.72
P= 135.04,243.95,0.72
P= 132.28,243.95,0.70
P= 132.57,243.51,0.70
P= 130.73,240.63,0.72
P= 131.65,240.63,0.73
P= 128.30,245.86,0.77
P= 129.35,247.49,0.75
P= 129.81,247.49,0.76
P= 133.16,242.26,0.72
P= 133.69,243.09,0.71
P= 133.69,243.09,0.71
P= 130.61,247.90,0.75
P= 130.61,247.90,0.75
P= 130.15,247.90,0.74
P= 132.38,244.42,0.72
P= 132.11,244.01,0.72
P= 132.57,244.01,0.72
P= 131.73,245.33,0.73
P= 131.20,244.50,0.74
P= 132.56,244.50,0.75
P= 133.12,243.63,0.74
P= 134.19,245.28,0.73
P= 131.43,245.28,0.71
P= 130.87,246.16,0.72
P= 129.81,244.50,0.73
P= 132.11,244.50,0.75
P= 132.67,243.63,0.74
P= 132.67,243.63,0.74
P= 131.76,243.63,0.73
P= 131.20,244.50,0.74
P= 131.99,245.74,0.73
P= 130.60,245.74,0.72
P= 131.45,244.42,0.71
P= 130.92,243.60,0.72
P= 134.12,243.60,0.74
P= 134.12,243.60,0.74
P= 133.86,243.18,0.74
P= 132.95,243.18,0.74
P= 134.39,240.95,0.72
P= 134.12,240.54,0.72
P= 135.03,240.54,0.73
P= 133.59,242.78,0.75
P= 134.92,244.84,0.73
P= 132.18,244.84,0.71
P= 131.06,246.59,0.72
P= 129.47,244.12,0.74
P= 129.93,244.12,0.75
P= 130.21,243.69,0.74
P= 130.74,244.50,0.74
P= 132.56,244.50,0.75
P= 131.18,246.66,0.77
P= 131.18,246.66,0.77
P= 130.27,246.66,0.76
P= 132.22,243.63,0.74
P= 132.22,243.63,0.74
P= 129.90,243.63,0.72
P= 129.06,244.94,0.73
P= 130.66,247.43,0.71
P= 133.43,247.43,0.73
P= 134.84,245.24,0.71
P= 133.50,243.15,0.73
P= 135.74,243.15,0.75
P= 132.42,248.34,0.79
P= 131.89,247.52,0.79
P= 128.28,247.52,0.77
P= 131.32,242.78,0.73
P= 131.84,243.60,0.72
P= 130.92,243.60,0.72
P= 130.07,244.91,0.73
P= 130.34,245.33,0.72
P= 131.26,245.33,0.73
P= 132.11,244.01,0.72
P= 132.38,244.42,0.72
P= 132.38,244.42,0.72
P= 132.66,243.98,0.71
P= 133.46,245.24,0.70
P= 133.00,245.24,0.70
P= 131.87,247.00,0.71
P= 130.54,244.91,0.73
P= 130.54,244.91,0.73
P= 129.16,247.07,0.75
P= 128.89,246.66,0.75
P= 127.96,246.66,0.74
P= 128.23,246.23,0.74
P= 128.50,246.64,0.74
P= 132.62,246.64,0.77
P= 133.17,245.78,0.76
P= 133.96,247.02,0.75
P= 132.16,247.02,0.74
P= 132.16,247.02,0.74
P= 131.36,245.78,0.75
P= 131.82,245.78,0.75
P= 132.37,244.91,0.74
P= 132.64,245.33,0.74
P= 131.26,245.33,0.73
P= 132.11,244.01,0.72
P= 132.38,244.42,0.72
P= 133.75,244.42,0.73
P= 132.63,246.18,0.74
P= 132.36,245.76,0.74
P= 131.45,245.76,0.74
P= 132.29,244.45,0.73
P= 131.76,243.63,0.73
P= 130.84,243.63,0.73
P= 129.99,244.94,0.74
P= 131.06,246.59,0.72
P= 130.12,246.59,0.72
P= 131.25,244.84,0.70
P= 130.71,244.01,0.71
P= 129.77,244.01,0.70
P= 128.65,245.76,0.72
P= 128.38,245.35,0.72
P= 129.79,245.35,0.73
P= 130.07,244.91,0.73
P= 129.81,244.50,0.73
P= 131.65,244.50,0.74
P= 130.55,246.23,0.76
P= 130.81,246.64,0.75
P= 132.17,246.64,0.76
P= 132.72,245.78,0.76
P= 132.98,246.19,0.75
P= 132.53,246.19,0.75
P= 134.79,242.67,0.72
P= 134.26,241.85,0.73
P= 133.81,241.85,0.73
P= 130.73,246.66,0.76
P= 130.21,245.84,0.77
P= 127.90,245.84,0.75
P= 129.57,243.25,0.73
P= 130.35,244.48,0.72
P= 130.82,244.48,0.73
P= 133.10,240.91,0.70
P= 133.37,241.32,0.70
P= 134.75,241.32,0.71
P= 132.18,245.33,0.74
P= 131.65,244.50,0.74
P= 130.27,244.50,0.73
P= 129.99,244.94,0.74
P= 130.52,245.76,0.73
P= 130.99,245.76,0.73
P= 130.43,246.62,0.74
P= 129.90,245.80,0.75
P= 129.90,245.80,0.75
P= 132.15,242.30,0.72
P= 133.75,244.79,0.70
P= 134.67,244.79,0.71
P= 133.53,246.56,0.72
P= 132.46,244.89,0.73
P= 132.46,244.89,0.73
P= 131.63,246.19,0.74
P= 131.36,245.78,0.75
P= 131.36,245.78,0.75
P= 131.36,245.78,0.75
P= 131.36,245.78,0.75
P= 129.52,245.78,0.73
P= 132.06,241.81,0.70
P= 132.06,241.81,0.70
P= 132.99,241.81,0.71
P= 132.99,241.81,0.71
P= 133.52,242.64,0.70
P= 133.06,242.64,0.70
P= 130.79,246.18,0.73
P= 129.21,243.72,0.75
P= 131.50,243.72,0.76
P= 131.50,243.72,0.76
P= 132.28,244.94,0.75
P= 129.99,244.94,0.74
P= 128.89,246.66,0.75
P= 128.63,246.25,0.75
P= 131.82,246.25,0.78
P= 132.64,244.96,0.77
P= 132.90,245.37,0.76
P= 132.01,245.37,0.76
P= 132.01,245.37,0.76
P= 133.61,247.86,0.74
P= 133.15,247.86,0.73
P= 133.99,246.56,0.72
P= 133.72,246.14,0.73
P= 130.48,246.14,0.70
P= 129.37,247.88,0.72
P= 129.37,247.88,0.72
P= 132.15,247.88,0.74
P= 133.83,245.26,0.72
P= 132.50,243.18,0.73
P= 130.65,243.18,0.72
P= 131.22,242.30,0.71
P= 131.22,242.30,0.71
P= 132.15,242.30,0.72
P= 132.72,241.40,0.71
P= 132.72,241.40,0.71
P= 132.72,241.40,0.71
P= 130.18,245.37,0.74
P= 130.44,245.78,0.74
P= 132.72,245.78,0.76
P= 132.72,245.78,0.76
P= 133.52,247.02,0.75
P= 131.70,247.02,0.73
P= 133.10,244.84,0.72
P= 134.18,246.53,0.70
P= 134.18,246.53,0.70
P= 131.96,250.00,0.73
P= 129.82,246.66,0.76
P= 130.27,246.66,0.76
P= 130.82,245.80,0.75
P= 130.82,245.80,0.75
P= 130.36,245.80,0.75
P= 132.61,242.30,0.72
P= 132.35,241.89,0.73
P= 130.49,241.89,0.71
P= 128.52,244.96,0.74
P= 129.85,247.02,0.72
P= 130.31,247.02,0.72
P= 131.43,245.28,0.71
P= 130.63,244.04,0.72
P= 133.39,244.04,0.74
P= 131.99,246.21,0.76
P= 132.52,247.04,0.75
P= 131.16,247.04,0.74
P= 131.16,247.04,0.74
P= 130.63,246.21,0.75
P= 131.54,246.21,0.75
P= 130.18,248.34,0.77
P= 130.44,248.75,0.77
P= 128.61,248.75,0.75
P= 131.08,244.89,0.72
P= 131.88,246.14,0.71
P= 132.35,246.14,0.72
P= 132.91,245.26,0.71
P= 132.91,245.26,0.71
P= 132.91,245.26,0.71
P= 131.51,247.44,0.73
P= 130.44,245.78,0.74
P= 129.05,245.78,0.73
P= 129.33,245.35,0.73
P= 128.54,244.12,0.74
P= 129.01,244.12,0.74
P= 131.56,240.13,0.71
P= 133.96,243.87,0.68
P= 134.42,243.87,0.68
P= 132.71,246.54,0.70
P= 131.36,244.45,0.72
P= 133.20,244.45,0.73
P= 132.64,245.33,0.74
P= 132.37,244.91,0.74
P= 131.00,244.91,0.73
P= 132.13,243.15,0.72
P= 132.66,243.98,0.71
P= 131.73,243.98,0.71
P= 130.32,246.18,0.72
P= 129.79,245.35,0.73
P= 133.00,245.35,0.75
P= 131.62,247.49,0.77
P= 131.36,247.08,0.77
P= 130.91,247.08,0.77
P= 132.01,245.37,0.76
P= 133.07,247.02,0.74
P= 130.31,247.02,0.72
P= 130.87,246.16,0.72
P= 129.55,244.09,0.73
P= 132.30,244.09,0.75
P= 131.19,245.82,0.77
P= 132.25,247.47,0.75
P= 130.88,247.47,0.74
P= 131.71,246.18,0.73
P= 131.71,246.18,0.73
P= 133.53,246.18,0.75
P= 132.70,247.47,0.76
P= 132.97,247.89,0.75
P= 132.06,247.89,0.75
P= 133.73,245.28,0.73
P= 134.64,245.28,0.73
P= 132.69,248.31,0.76
P= 131.89,247.07,0.77
P= 132.79,247.07,0.77
P= 134.73,244.04,0.75
P= 134.73,244.04,0.75
P= 131.56,244.04,0.73
P= 131.00,244.91,0.73
P= 130.47,244.09,0.74
P= 132.30,244.09,0.75
P= 131.19,245.82,0.77
P= 132.52,247.89,0.75
P= 130.23,247.89,0.73
P= 132.75,243.95,0.70
P= 132.22,243.12,0.71
P= 134.95,243.12,0.73
P= 132.98,246.19,0.75
P= 132.98,246.19,0.75
P= 129.31,246.19,0.73
P= 129.04,246.62,0.73
P= 129.30,247.04,0.73
P= 130.24,247.04,0.73
P= 130.24,247.04,0.73
P= 130.50,247.46,0.73
P= 132.34,247.46,0.74
P= 132.06,247.89,0.75
P= 131.27,246.64,0.76
P= 129.43,246.64,0.74
P= 129.98,245.78,0.74
P= 130.51,246.61,0.73
P= 130.51,246.61,0.73
P= 130.79,246.18,0.73
P= 129.73,244.53,0.74
P= 131.11,244.53,0.75
P= 130.01,246.25,0.76
P= 129.75,245.84,0.77
P= 129.29,245.84,0.76
P= 129.84,244.98,0.76
P= 130.63,246.21,0.75
P= 130.63,246.21,0.75
P= 133.74,241.36,0.71
P= 135.07,243.44,0.69
P= 136.44,243.44,0.70
P= 133.88,247.43,0.73
P= 132.81,245.76,0.75
P= 131.90,245.76,0.74
P= 133.60,243.12,0.72
P= 134.67,244.79,0.71
P= 133.29,244.79,0.70
P= 130.49,249.15,0.73
P= 129.16,247.07,0.75
P= 131.89,247.07,0.77
P= 132.44,246.21,0.76
P= 133.51,247.88,0.75
P= 132.61,247.88,0.74
P= 132.61,247.88,0.74
P= 132.61,247.88,0.74
P= 130.77,247.88,0.73
P= 131.33,247.01,0.72
P= 130.52,245.76,0.73
P= 131.90,245.76,0.74
P= 132.46,244.89,0.73
P= 132.73,245.30,0.73
P= 131.81,245.30,0.72
P= 130.70,247.04,0.74
P= 129.90,245.80,0.75
P= 131.28,245.80,0.76
P= 132.95,243.18,0.74
P= 134.02,244.84,0.72
P= 134.02,244.84,0.72
P= 132.89,246.59,0.74
P= 132.63,246.18,0.74
P= 131.71,246.18,0.73
P= 132.55,244.86,0.72
P= 133.63,246.54,0.71
P= 132.24,246.54,0.70
P= 131.40,247.86,0.71
P= 130.06,245.76,0.73
P= 131.45,245.76,0.74
P= 131.45,245.76,0.74
P= 131.71,246.18,0.73
P= 133.08,246.18,0.74
P= 134.20,244.42,0.73
P= 134.74,245.26,0.72
P= 135.19,245.26,0.73
P= 134.06,247.01,0.74
P= 133.79,246.59,0.74
P= 131.98,246.59,0.73
P= 131.98,246.59,0.73
P= 131.71,246.18,0.73
P= 131.25,246.18,0.73
P= 131.81,245.30,0.72
P= 132.35,246.14,0.72
P= 134.17,246.14,0.73
P= 133.34,247.44,0.74
P= 132.01,245.37,0.76
P= 131.10,245.37,0.75
P= 132.50,243.18,0.73
P= 133.29,244.42,0.72
P= 132.84,244.42,0.72
P= 132.84,244.42,0.72
P= 133.91,246.10,0.71
P= 134.83,246.10,0.71
P= 134.54,246.54,0.72
P= 133.47,244.86,0.73
P= 133.92,244.86,0.73
P= 135.34,242.64,0.72
P= 133.06,242.64,0.70
P= 129.69,247.90,0.74
P= 130.49,249.15,0.73
P= 131.04,248.30,0.72
P= 129.18,245.39,0.75
P= 133.75,238.26,0.69
P= 136.98,243.30,0.65
P= 137.91,243.30,0.66
P= 132.78,251.29,0.72
P= 130.08,247.07,0.75
P= 130.54,247.07,0.76
P= 130.54,247.07,0.76
P= 130.01,246.25,0.76
P= 131.82,246.25,0.78
P= 133.48,243.65,0.76
P= 134.00,244.48,0.75
P= 131.74,244.48,0.73
P= 131.46,244.91,0.74
P= 131.99,245.74,0.73
P= 132.45,245.74,0.73
P= 131.07,247.90,0.75
P= 131.60,248.73,0.74
P= 129.29,248.73,0.73
P= 130.67,246.58,0.71
P= 130.40,246.16,0.71
P= 133.62,246.16,0.74
P= 133.07,247.02,0.74
P= 131.74,244.96,0.76
P= 131.29,244.96,0.76
P= 131.85,244.09,0.75
P= 133.98,247.42,0.72
P= 130.27,247.42,0.70
P= 132.84,243.41,0.67
P= 132.56,242.99,0.67
P= 134.44,242.99,0.68
P= 132.72,245.68,0.70
P= 130.86,242.78,0.73
P= 133.59,242.78,0.75
P= 133.03,243.65,0.75
P= 134.35,245.72,0.74
P= 133.90,245.72,0.73
P= 133.34,246.59,0.74
P= 132.55,245.35,0.75
P= 130.72,245.35,0.74
P= 130.44,245.78,0.74
P= 131.24,247.02,0.73
P= 132.61,247.02,0.74
P= 133.73,245.28,0.73
P= 132.93,244.04,0.74
P= 132.48,244.04,0.73
P= 131.09,246.21,0.75
P= 131.88,247.46,0.74
P= 131.88,247.46,0.74
P= 132.42,248.30,0.73
P= 132.42,248.30,0.73
P= 133.24,249.57,0.72
P= 130.93,249.57,0.71
P= 133.17,246.07,0.68
P= 131.28,243.12,0.70
P= 132.22,243.12,0.71
P= 130.52,245.76,0.73
P= 131.06,246.59,0.72
P= 130.59,246.59,0.72
P= 132.57,243.51,0.70
P= 132.57,243.51,0.70
P= 134.42,243.51,0.71
P= 133.00,245.72,0.73
P= 132.20,244.48,0.74
P= 131.28,244.48,0.73
P= 131.00,244.91,0.73
P= 131.00,244.91,0.73
P= 132.83,244.91,0.75
P= 132.55,245.35,0.75
P= 133.08,246.18,0.74
P= 131.71,246.18,0.73
P= 133.12,243.98,0.72
P= 132.85,243.56,0.72
P= 136.44,243.56,0.75
P= 133.66,247.91,0.78
P= 133.66,247.91,0.78
P= 130.53,247.91,0.76
P= 130.80,247.48,0.75
P= 130.80,247.48,0.75
P= 129.88,247.48,0.75
P= 131.83,244.45,0.72
P= 131.83,244.45,0.72
P= 130.43,244.45,0.71
P= 131.00,243.56,0.71
P= 132.34,245.66,0.69
P= 135.11,245.66,0.71
P= 135.11,245.66,0.71
P= 134.57,244.82,0.72
P= 132.73,244.82,0.70
P= 131.88,246.14,0.71
P= 132.15,246.56,0.71
P= 133.53,246.56,0.72
P= 131.60,249.58,0.74
P= 130.79,248.32,0.75
P= 129.41,248.32,0.74
P= 129.96,247.47,0.74
P= 130.50,248.30,0.73
P= 131.42,248.30,0.74
P= 131.69,247.88,0.73
P= 129.84,244.98,0.76
P= 129.38,244.98,0.75
P= 129.66,244.55,0.75
P= 130.44,245.78,0.74
P= 131.82,245.78,0.75
P= 131.82,245.78,0.75
P= 132.88,247.44,0.74
P= 131.97,247.44,0.73
P= 131.97,247.44,0.73
P= 130.64,245.37,0.75
P= 132.90,245.37,0.76
P= 133.18,244.94,0.76
P= 133.98,246.18,0.75
P= 131.71,246.18,0.73
P= 133.12,243.98,0.72
P= 133.39,244.40,0.71
P= 133.84,244.40,0.72
P= 131.88,247.46,0.74
P= 132.15,247.88,0.74
P= 133.51,247.88,0.75
P= 134.62,246.14,0.73
P= 133.29,244.06,0.75
P= 132.84,244.06,0.75
P= 132.28,244.94,0.75
P= 132.81,245.76,0.75
P= 131.90,245.76,0.74
P= 131.63,246.19,0.74
P= 132.43,247.44,0.73
P= 130.11,247.44,0.72
P= 131.51,245.26,0.70
P= 131.25,244.84,0.70
P= 132.64,244.84,0.71
P= 133.21,243.95,0.71
P= 134.02,245.22,0.70
P= 134.94,245.22,0.70
P= 134.37,246.10,0.71
P= 133.56,244.84,0.72
P= 132.64,244.84,0.71
P= 130.42,248.31,0.74
P= 129.88,247.48,0.75
P= 129.88,247.48,0.75
P= 129.07,248.75,0.76
P= 129.60,249.58,0.75
P= 130.06,249.58,0.75
P= 133.39,244.40,0.71
P= 134.20,245.66,0.70
P= 132.34,245.66,0.69
P= 129.56,250.00,0.72
P= 128.75,248.74,0.73
P= 130.14,248.74,0.74
P= 132.64,244.84,0.71
P= 131.58,243.18,0.73
P= 132.50,243.18,0.73
P= 131.65,244.50,0.74
P= 132.45,245.74,0.73
P= 132.45,245.74,0.73
P= 133.29,244.42,0.72
P= 133.29,244.42,0.72
P= 133.29,244.42,0.72
P= 132.45,245.74,0.73
P= 132.98,246.58,0.73
P= 132.07,246.58,0.72
P= 134.93,242.12,0.69
P= 134.39,241.28,0.69
P= 132.99,241.28,0.68
P= 131.26,243.98,0.70
P= 131.53,244.40,0.70
P= 132.93,244.40,0.71
P= 131.52,246.59,0.73
P= 131.25,246.18,0.73
P= 133.08,246.18,0.74
P= 132.52,247.04,0.75
P= 131.73,245.80,0.76
P= 131.73,245.80,0.76
P= 132.28,244.94,0.75
P= 133.34,246.59,0.74
P= 132.89,246.59,0.74
P= 131.79,248.31,0.75
P= 131.52,247.90,0.75
P= 131.98,247.90,0.76
P= 131.43,248.74,0.76
P= 128.32,243.90,0.80
P= 126.04,243.90,0.79
P= 126.85,242.62,0.78
P= 130.50,248.30,0.73
P= 132.33,248.30,0.74
P= 132.33,248.30,0.74
P= 132.06,247.89,0.75
P= 130.23,247.89,0.73
P= 132.18,244.84,0.71
P= 131.38,243.60,0.72
P= 132.30,243.60,0.73
P= 130.63,246.21,0.75
P= 131.16,247.04,0.74
P= 132.07,247.04,0.75
P= 132.90,245.74,0.74
P= 132.37,244.91,0.74
P= 129.60,244.91,0.72
P= 130.73,243.15,0.71
P= 130.73,243.15,0.71
P= 132.13,243.15,0.72
P= 131.84,243.60,0.72
P= 133.18,245.68,0.71
P= 133.18,245.68,0.71
P= 132.90,246.12,0.71
P= 133.99,247.83,0.70
P= 132.12,247.83,0.68
P= 132.12,247.83,0.68
P= 130.23,244.86,0.71
P= 132.55,244.86,0.72
P= 133.12,243.98,0.72
P= 133.66,244.82,0.71
P= 134.57,244.82,0.72
P= 135.14,243.92,0.71
P= 135.14,243.92,0.71
P= 135.14,243.92,0.71
P= 133.16,247.01,0.73
P= 133.43,247.43,0.73
P= 131.13,247.43,0.71
P= 133.11,244.35,0.69
P= 133.93,245.62,0.68
P= 136.23,245.62,0.70
P= 134.25,248.71,0.72
P= 132.36,245.76,0.74
P= 131.45,245.76,0.74
P= 133.43,242.67,0.71
P= 134.23,243.92,0.70
P= 134.23,243.92,0.70
P= 132.53,246.58,0.72
P= 132.26,246.16,0.73
P= 133.17,246.16,0.73
P= 133.45,245.72,0.73
P= 133.45,245.72,0.73
P= 130.68,245.72,0.71
P= 130.68,245.72,0.71
P= 130.41,245.30,0.71
P= 133.18,245.30,0.73
P= 132.90,245.74,0.74
P= 133.71,247.00,0.73
P= 131.87,247.00,0.71
P= 132.44,246.12,0.71
P= 131.36,244.45,0.72
P= 130.90,244.45,0.72
P= 130.34,245.33,0.72
P= 130.07,244.91,0.73
P= 130.54,244.91,0.73
P= 130.54,244.91,0.73
P= 131.07,245.74,0.72
P= 131.07,245.74,0.72
P= 131.91,244.42,0.71
P= 132.45,245.26,0.71
P= 134.28,245.26,0.72
P= 133.16,247.01,0.73
P= 133.16,247.01,0.73
P= 133.16,247.01,0.73
P= 135.14,243.92,0.71
P= 134.87,243.51,0.71
P= 135.32,243.51,0.72
P= 135.32,243.51,0.72
P= 135.59,243.92,0.71
P= 133.30,243.92,0.70
P= 133.88,243.02,0.69
P= 134.15,243.44,0.69
P= 135.53,243.44,0.70
P= 133.25,247.00,0.72
P= 132.72,246.16,0.73
P= 131.80,246.16,0.72
P= 131.80,246.16,0.72
P= 132.07,246.58,0.72
P= 132.53,246.58,0.72
P= 132.81,246.14,0.72
P= 132.81,246.14,0.72
P= 132.81,246.14,0.72
P= 134.23,243.92,0.70
P= 133.96,243.51,0.71
P= 133.96,243.51,0.71
P= 133.10,244.84,0.72
P= 133.64,245.68,0.71
P= 132.80,247.00,0.72
P= 131.20,244.50,0.74
P= 134.35,239.58,0.70
P= 138.44,245.96,0.65
P= 137.98,245.96,0.65
P= 135.38,250.00,0.68
P= 132.09,244.86,0.72
P= 130.70,244.86,0.71
P= 128.48,248.32,0.74
P= 127.95,247.49,0.74
P= 128.42,247.49,0.75
P= 130.35,244.48,0.72
P= 131.42,246.14,0.71
P= 133.72,246.14,0.73
P= 135.72,243.02,0.70
P= 135.72,243.02,0.70
P= 135.26,243.02,0.70
P= 132.43,247.44,0.73
P= 131.89,246.61,0.74
P= 132.80,246.61,0.75
P= 131.70,248.32,0.76
P= 130.39,246.27,0.78
P= 128.56,246.27,0.76
P= 130.21,243.69,0.74
P= 132.34,247.00,0.72
P= 133.25,247.00,0.72
P= 133.25,247.00,0.72
P= 132.45,245.74,0.73
P= 133.36,245.74,0.74
P= 132.80,246.61,0.75
P= 133.61,247.86,0.74
P= 132.70,247.86,0.73
P= 133.82,246.12,0.72
P= 133.28,245.28,0.72
P= 132.36,245.28,0.72
P= 134.37,242.15,0.69
P= 133.57,240.91,0.70
P= 132.64,240.91,0.70
P= 129.79,245.35,0.73
P= 130.86,247.01,0.72
P= 132.71,247.01,0.73
P= 133.26,246.14,0.72
P= 132.46,244.89,0.73
P= 132.92,244.89,0.74
P= 134.05,243.12,0.72
P= 135.39,245.22,0.71
P= 135.39,245.22,0.71
P= 133.98,247.42,0.72
P= 133.17,246.16,0.73
P= 134.07,246.16,0.74
P= 135.20,244.40,0.73
P= 136.28,246.09,0.71
P= 134.47,246.09,0.70
P= 133.34,247.85,0.71
P= 132.80,247.00,0.72
P= 130.94,247.00,0.71
P= 133.51,242.99,0.68
P= 132.70,241.74,0.69
P= 133.64,241.74,0.69
P= 131.63,244.86,0.72
P= 132.44,246.12,0.71
P= 132.90,246.12,0.71
P= 132.90,246.12,0.71
P= 133.44,246.97,0.70
P= 135.27,246.97,0.72
P= 134.71,247.85,0.72
P= 133.89,246.58,0.73
P= 134.34,246.58,0.74
P= 134.62,246.14,0.73
P= 133.56,244.48,0.75
P= 137.02,239.08,0.71
P= 140.00,243.73,0.67
P= 137.26,243.73,0.65
P= 132.41,251.29,0.71
P= 130.23,247.89,0.73
P= 129.29,247.89,0.73
P= 129.85,247.02,0.72
P= 129.05,245.78,0.73
P= 129.52,245.78,0.73
P= 130.35,244.48,0.72
P= 130.88,245.30,0.72
P= 131.81,245.30,0.72
P= 131.81,245.30,0.72
P= 132.35,246.14,0.72
P= 131.88,246.14,0.71
P= 131.33,247.01,0.72
P= 129.99,244.94,0.74
P= 130.46,244.94,0.74
P= 132.72,241.40,0.71
P= 134.05,243.48,0.70
P= 132.19,243.48,0.68
P= 130.48,246.14,0.70
P= 129.41,244.48,0.72
P= 132.20,244.48,0.74
P= 131.92,244.91,0.74
P= 132.72,246.16,0.73
P= 132.26,246.16,0.73
P= 131.70,247.02,0.73
P= 132.24,247.86,0.73
P= 133.15,247.86,0.73
P= 132.88,248.30,0.74
P= 132.07,247.04,0.75
P= 132.07,247.04,0.75
P= 132.35,246.61,0.74
P= 132.08,246.19,0.75
P= 130.25,246.19,0.73
P= 130.80,245.33,0.73
P= 130.54,244.91,0.73
P= 132.37,244.91,0.74
P= 133.22,243.60,0.73
P= 133.75,244.42,0.73
P= 131.91,244.42,0.71
P= 131.07,245.74,0.72
P= 130.80,245.33,0.73
P= 132.22,243.12,0.71
P= 132.48,243.54,0.71
P= 134.22,240.82,0.69
P= 134.76,241.66,0.68
P= 135.22,241.66,0.68
P= 136.31,243.36,0.67
P= 135.84,243.36,0.67
P= 131.31,250.43,0.72
P= 129.69,247.90,0.74
P= 128.75,247.90,0.73
P= 132.70,241.74,0.69
P= 134.05,243.84,0.67
P= 134.98,243.84,0.68
P= 132.14,248.28,0.71
P= 130.79,246.18,0.73
P= 132.63,246.18,0.74
P= 132.35,246.61,0.74
P= 132.35,246.61,0.74
P= 131.89,246.61,0.74
P= 131.89,246.61,0.74
P= 131.63,246.19,0.74
P= 130.25,246.19,0.73
P= 132.22,243.12,0.71
P= 132.75,243.95,0.70
P= 132.75,243.95,0.70
P= 132.75,243.95,0.70
P= 133.02,244.37,0.70
P= 134.40,244.37,0.71
P= 132.98,246.58,0.73
P= 131.65,244.50,0.74
P= 129.34,244.50,0.73
P= 131.91,240.50,0.70
P= 134.05,243.84,0.67
P= 137.27,243.84,0.69
P= 134.15,248.71,0.73
P= 133.07,247.02,0.74
P= 132.61,247.02,0.74
P= 132.89,246.59,0.74
P= 132.89,246.59,0.74
P= 133.34,246.59,0.74
P= 132.52,247.89,0.75
P= 131.98,247.05,0.76
P= 131.08,247.05,0.75
P= 132.46,244.89,0.73
P= 133.53,246.56,0.72
P= 132.15,246.56,0.71
P= 132.15,246.56,0.71
P= 133.25,248.26,0.70
P= 134.63,248.26,0.71
P= 136.33,245.60,0.69
P= 137.45,247.34,0.67
P= 137.90,247.34,0.68
P= 135.64,250.87,0.70
P= 135.36,250.44,0.71
P= 135.81,250.44,0.71
P= 137.79,247.35,0.69
P= 137.23,246.48,0.69
P= 135.41,246.48,0.68
P= 133.99,248.69,0.70
P= 132.62,246.56,0.71
P= 134.89,246.56,0.73
P= 135.46,245.68,0.72
P= 133.33,242.37,0.75
P= 131.52,242.37,0.74
P= 128.75,246.69,0.77
P= 128.49,246.28,0.77
P= 128.03,246.28,0.77
P= 131.08,241.52,0.73
P= 132.39,243.56,0.72
P= 131.93,243.56,0.71
P= 129.97,246.62,0.74
P= 130.50,247.46,0.73
P= 131.43,247.46,0.74
P= 133.96,243.51,0.71
P= 133.96,243.51,0.71
P= 132.10,243.51,0.69
P= 133.26,241.70,0.68
P= 134.62,243.81,0.66
P= 135.08,243.81,0.67
P= 132.23,248.27,0.70
P= 132.50,248.70,0.70
P= 132.50,248.70,0.70
P= 131.94,249.57,0.70
P= 130.85,247.86,0.72
P= 133.61,247.86,0.74
P= 133.88,247.43,0.73
P= 133.34,246.59,0.74
P= 131.52,246.59,0.73
P= 133.21,243.95,0.71
P= 132.41,242.71,0.72
P= 134.24,242.71,0.73
P= 132.55,245.35,0.75
P= 132.81,245.76,0.75
P= 132.36,245.76,0.74
P= 131.81,246.62,0.75
P= 131.81,246.62,0.75
P= 131.81,246.62,0.75
P= 133.48,244.01,0.73
P= 134.28,245.26,0.72
P= 132.91,245.26,0.71
P= 130.96,248.30,0.73
P= 131.50,249.15,0.73
P= 133.78,249.15,0.74
P= 135.44,246.54,0.72
P= 133.57,243.63,0.75
P= 131.09,247.50,0.78
P= 130.05,245.88,0.79
P= 135.42,237.50,0.73
P= 136.20,238.72,0.72
P= 133.92,238.72,0.70
P= 130.47,244.09,0.74
P= 130.21,243.69,0.74
P= 130.21,243.69,0.74
P= 130.49,243.25,0.74
P= 131.02,244.06,0.73
P= 133.74,244.06,0.75
P= 134.02,243.63,0.75
P= 133.76,243.22,0.75
P= 131.50,243.22,0.74
P= 132.63,241.44,0.72
P= 133.43,242.67,0.71
P= 134.34,242.67,0.72
P= 134.05,243.12,0.72
P= 133.26,241.89,0.73
P= 130.49,241.89,0.71
P= 130.49,241.89,0.71
P= 129.71,240.67,0.72
P= 131.11,240.67,0.73
P= 129.98,242.44,0.75
P= 130.75,243.65,0.74
P= 131.21,243.65,0.74
P= 132.63,241.44,0.72
P= 134.50,244.35,0.70
P= 132.64,244.35,0.69
P= 130.38,247.86,0.71
P= 128.78,245.37,0.73
P= 131.10,245.37,0.75
P= 133.64,241.40,0.72
P= 133.38,240.99,0.72
P= 132.46,240.99,0.72
P= 131.89,241.89,0.72
P= 132.41,242.71,0.72
P= 134.69,242.71,0.73
P= 133.56,244.48,0.75
P= 132.51,242.84,0.76
P= 131.15,242.84,0.75
P= 132.29,241.08,0.74
P= 132.29,241.08,0.74
P= 134.98,241.08,0.76
P= 134.13,242.40,0.77
P= 134.13,242.40,0.77
P= 131.43,242.40,0.75
P= 132.29,241.08,0.74
P= 132.81,241.89,0.73
P= 131.43,241.89,0.72
P= 131.14,242.33,0.72
P= 131.14,242.33,0.72
P= 131.14,242.33,0.72
P= 130.29,243.65,0.73
P= 130.03,243.25,0.74
P= 128.15,243.25,0.72
P= 129.29,241.48,0.71
P= 129.81,242.30,0.70
P= 133.98,242.30,0.73
P= 133.12,243.63,0.74
P= 132.60,242.81,0.75
P= 131.24,242.81,0.74
P= 131.80,241.93,0.73
P= 132.85,243.56,0.72
P= 133.31,243.56,0.72
P= 134.75,241.32,0.71
P= 134.75,241.32,0.71
P= 134.75,241.32,0.71
P= 133.03,244.01,0.73
P= 132.76,243.60,0.73
P= 131.38,243.60,0.72
P= 131.95,242.71,0.71
P= 131.69,242.30,0.72
P= 131.69,242.30,0.72
P= 131.12,243.18,0.72
P= 130.59,242.37,0.73
P= 129.66,242.37,0.72
P= 130.23,241.48,0.72
P= 132.08,244.37,0.69
P= 132.55,244.37,0.70
P= 132.27,244.82,0.70
P= 130.15,241.52,0.73
P= 132.00,241.52,0.74
P= 132.86,240.18,0.73
P= 132.60,239.78,0.73
P= 131.22,239.78,0.72
P= 129.51,242.44,0.74
P= 130.82,244.48,0.73
P= 129.88,244.48,0.72
P= 131.30,242.26,0.70
P= 131.30,242.26,0.70
P= 134.98,242.26,0.73
P= 135.26,241.81,0.73
P= 135.26,241.81,0.73
P= 134.81,241.81,0.72
P= 132.83,244.91,0.75
P= 132.56,244.50,0.75
P= 129.34,244.50,0.73
P= 129.62,244.06,0.72
P= 129.10,243.25,0.73
P= 130.49,243.25,0.74
P= 131.06,242.37,0.73
P= 131.58,243.18,0.73
P= 131.12,243.18,0.72
P= 131.40,242.74,0.72
P= 131.40,242.74,0.72
P= 132.78,242.74,0.73
P= 132.78,242.74,0.73
P= 132.78,242.74,0.73
P= 130.94,242.74,0.72
P= 131.51,241.85,0.71
P= 131.51,241.85,0.71
P= 132.44,241.85,0.72
P= 131.58,243.18,0.73
P= 132.11,244.01,0.72
P= 135.01,239.49,0.69
P= 136.08,241.16,0.67
P= 134.68,241.16,0.66
P= 131.78,245.68,0.70
P= 129.40,241.96,0.73
P= 130.34,241.96,0.73
P= 129.77,242.84,0.74
P= 129.77,242.84,0.74
P= 129.77,242.84,0.74
P= 130.34,241.96,0.73
P= 129.82,241.16,0.74
P= 129.82,241.16,0.74
P= 127.87,244.20,0.76
P= 127.87,244.20,0.76
P= 129.25,244.20,0.77
P= 132.06,239.82,0.74
P= 133.35,241.85,0.72
P= 131.04,241.85,0.71
P= 129.34,244.50,0.73
P= 129.08,244.09,0.73
P= 130.01,244.09,0.74
P= 131.14,242.33,0.72
P= 131.40,242.74,0.72
P= 132.33,242.74,0.73
P= 130.92,244.94,0.74
P= 130.39,244.12,0.75
P= 129.93,244.12,0.75
P= 132.20,240.58,0.72
P= 133.79,243.06,0.70
P= 133.79,243.06,0.70
P= 132.36,245.28,0.72
P= 130.52,242.40,0.74
P= 131.89,242.40,0.75
P= 132.17,241.96,0.75
P= 133.22,243.60,0.73
P= 134.12,243.60,0.74
P= 133.84,244.04,0.74
P= 134.10,244.45,0.74
P= 130.43,244.45,0.71
P= 129.59,245.76,0.72
P= 127.76,242.91,0.75
P= 129.62,242.91,0.76
P= 130.74,241.16,0.75
P= 131.78,242.78,0.73
P= 129.92,242.78,0.72
P= 130.21,242.33,0.72
P= 130.47,242.74,0.71
P= 130.94,242.74,0.72
P= 130.09,244.06,0.73
P= 130.09,244.06,0.73
P= 130.09,244.06,0.73
P= 129.53,244.94,0.73
P= 129.53,244.94,0.73
P= 130.46,244.94,0.74
P= 131.58,243.18,0.73
P= 131.32,242.78,0.73
P= 134.93,242.78,0.76
P= 133.81,244.53,0.77
P= 133.29,243.72,0.78
P= 126.86,243.72,0.73
P= 126.58,244.15,0.73
P= 126.58,244.15,0.73
P= 128.93,244.15,0.75
P= 130.34,241.96,0.73
P= 131.38,243.60,0.72
P= 130.45,243.60,0.71
P= 129.33,245.35,0.73
P= 128.28,243.72,0.74
P= 129.68,243.72,0.75
P= 130.52,242.40,0.74
P= 131.04,243.22,0.73
P= 131.50,243.22,0.74
P= 130.38,244.96,0.75
P= 130.12,244.55,0.75
P= 131.03,244.55,0.76
P= 130.48,245.41,0.77
P= 129.70,244.20,0.78
P= 126.93,244.20,0.76
P= 127.49,243.34,0.75
P= 128.52,244.96,0.74
P= 129.92,244.96,0.75
P= 129.09,246.25,0.76
P= 128.57,245.44,0.76
P= 125.28,245.44,0.74
P= 126.38,243.72,0.73
P= 126.38,243.72,0.73
P= 131.50,243.72,0.76
P= 131.22,244.15,0.77
P= 131.22,244.15,0.77
P= 129.86,244.15,0.76
P= 129.31,245.01,0.76
P= 130.09,246.23,0.75
P= 131.90,246.23,0.77
P= 131.09,247.50,0.78
P= 130.83,247.09,0.78
P= 129.92,247.09,0.77
P= 132.69,242.78,0.74
P= 132.17,241.96,0.75
P= 131.72,241.96,0.74
P= 131.43,242.40,0.75
P= 132.22,243.63,0.74
P= 131.30,243.63,0.73
P= 129.63,246.23,0.75
P= 129.63,246.23,0.75
P= 128.23,246.23,0.74
P= 129.34,244.50,0.73
P= 129.08,244.09,0.73
P= 131.85,244.09,0.75
P= 131.29,244.96,0.76
P= 131.03,244.55,0.76
P= 127.79,244.55,0.74
P= 129.19,242.37,0.72
P= 129.71,243.18,0.71
P= 132.04,243.18,0.73
P= 131.20,244.50,0.74
P= 131.46,244.91,0.74
P= 130.90,245.78,0.74
P= 130.64,245.37,0.75
P= 133.18,241.40,0.72
P= 134.25,243.06,0.70
P= 133.79,243.06,0.70
P= 130.42,248.31,0.74
P= 128.06,244.63,0.77
P= 128.06,244.63,0.77
P= 128.61,243.77,0.76
P= 129.12,244.58,0.76
P= 127.73,244.58,0.75
P= 128.28,243.72,0.74
P= 129.33,245.35,0.73
P= 130.26,245.35,0.73
P= 129.43,246.64,0.74
P= 128.64,245.41,0.75
P= 126.77,245.41,0.74
P= 127.87,243.69,0.73
P= 128.40,244.50,0.72
P= 130.27,244.50,0.73
P= 131.12,243.18,0.72
P= 131.91,244.42,0.71
P= 131.45,244.42,0.71
P= 130.60,245.74,0.72
P= 129.55,244.09,0.73
P= 128.61,244.09,0.73
P= 127.78,245.39,0.74
P= 126.74,243.77,0.75
P= 128.14,243.77,0.76
P= 129.26,242.04,0.75
P= 130.55,244.06,0.73
P= 131.48,244.06,0.74
P= 130.09,246.23,0.75
P= 129.57,245.41,0.76
P= 129.11,245.41,0.76
P= 130.21,243.69,0.74
P= 130.74,244.50,0.74
P= 131.20,244.50,0.74
P= 130.92,244.94,0.74
P= 130.92,244.94,0.74
P= 130.46,244.94,0.74
P= 130.46,244.94,0.74
P= 130.99,245.76,0.73
P= 129.12,245.76,0.72
P= 128.57,246.62,0.73
P= 127.51,244.98,0.74
P= 126.57,244.98,0.73
P= 127.68,243.25,0.72
P= 128.73,244.89,0.71
P= 131.90,239.95,0.67
P= 132.70,241.20,0.66
P= 136.89,241.20,0.69
P= 133.72,246.14,0.73
P= 132.13,243.65,0.75
P= 129.83,243.65,0.73
P= 128.71,245.39,0.74
P= 128.45,244.98,0.75
P= 131.21,244.98,0.77
P= 131.21,244.98,0.77
P= 130.95,244.58,0.77
P= 128.66,244.58,0.75
P= 130.90,241.08,0.73
P= 131.43,241.89,0.72
P= 132.81,241.89,0.73
P= 131.11,244.53,0.75
P= 130.85,244.12,0.75
P= 127.12,244.12,0.73
P= 126.84,244.55,0.73
P= 126.32,243.75,0.74
P= 130.96,243.75,0.77
P= 131.52,242.88,0.76
P= 132.04,243.69,0.76
P= 131.59,243.69,0.75
P= 130.21,245.84,0.77
P= 129.69,245.03,0.78
P= 128.77,245.03,0.77
P= 131.00,241.56,0.74
P= 132.04,243.18,0.73
P= 132.50,243.18,0.73
P= 132.22,243.63,0.74
P= 132.74,244.45,0.73
P= 131.83,244.45,0.72
P= 130.99,245.76,0.73
P= 129.93,244.12,0.75
P= 133.10,244.12,0.77
P= 131.46,246.69,0.79
P= 130.68,245.48,0.80
P= 127.51,245.48,0.78
P= 130.00,241.60,0.75
P= 131.56,244.04,0.73
P= 134.28,244.04,0.75
P= 135.14,242.71,0.74
P= 134.61,241.89,0.74
P= 133.71,241.89,0.74
P= 133.14,242.78,0.74
P= 133.41,243.18,0.74
P= 132.95,243.18,0.74
P= 132.11,244.50,0.75
P= 131.33,243.28,0.76
P= 128.56,243.28,0.74
P= 127.73,244.58,0.75
P= 127.98,244.98,0.74
P= 129.84,244.98,0.76
P= 132.37,241.03,0.73
P= 132.90,241.85,0.72
P= 132.44,241.85,0.72
P= 131.58,243.18,0.73
P= 131.06,242.37,0.73
P= 129.19,242.37,0.72
P= 129.19,242.37,0.72
P= 128.93,241.96,0.72
P= 130.34,241.96,0.73
P= 129.49,243.28,0.74
P= 129.49,243.28,0.74
P= 131.78,243.28,0.76
P= 130.95,244.58,0.77
P= 131.73,245.80,0.76
P= 129.44,245.80,0.74
P= 131.04,248.30,0.72
P= 129.70,246.21,0.74
P= 130.63,246.21,0.75
P= 132.30,243.60,0.73
P= 132.30,243.60,0.73
P= 130.45,243.60,0.71
P= 130.73,243.15,0.71
P= 130.47,242.74,0.71
P= 133.24,242.74,0.73
P= 133.81,241.85,0.73
P= 133.55,241.44,0.73
P= 130.31,241.44,0.71
P= 130.02,241.89,0.71
P= 130.28,242.30,0.71
P= 130.75,242.30,0.71
P= 131.33,241.40,0.70
P= 131.07,240.99,0.71
P= 133.84,240.99,0.73
P= 133.55,241.44,0.73
P= 133.81,241.85,0.73
P= 131.97,241.85,0.71
P= 131.12,243.18,0.72
P= 130.34,241.96,0.73
P= 129.87,241.96,0.73
P= 129.59,242.40,0.73
P= 130.37,243.63,0.72
P= 131.76,243.63,0.73
P= 132.90,241.85,0.72
P= 132.63,241.44,0.72
P= 131.71,241.44,0.72
P= 130.86,242.78,0.73
P= 130.86,242.78,0.73
P= 130.39,242.78,0.72
P= 129.55,244.09,0.73
P= 129.55,244.09,0.73
P= 131.85,244.09,0.75
P= 131.01,245.39,0.76
P= 131.28,245.80,0.76
P= 127.56,245.80,0.73
P= 129.24,243.18,0.71
P= 129.50,243.60,0.71
P= 131.38,243.60,0.72
P= 131.10,244.04,0.72
P= 130.57,243.22,0.73
P= 131.95,243.22,0.74
P= 131.95,243.22,0.74
P= 131.43,242.40,0.75
P= 130.98,242.40,0.74
P= 130.98,242.40,0.74
P= 131.76,243.63,0.73
P= 129.90,243.63,0.72
P= 129.62,244.06,0.72
P= 128.84,242.84,0.73
P= 129.77,242.84,0.74
P= 130.05,242.40,0.74
P= 130.31,242.81,0.73
P= 129.38,242.81,0.73
P= 129.38,242.81,0.73
P= 129.90,243.63,0.72
P= 133.68,237.74,0.68
P= 134.47,238.98,0.67
P= 133.53,238.98,0.66
P= 128.91,246.18,0.71
P= 126.82,242.91,0.74
P= 129.16,242.91,0.76
P= 129.16,242.91,0.76
P= 129.68,243.72,0.75
P= 129.21,243.72,0.75
P= 128.93,244.15,0.75
P= 128.68,243.75,0.75
P= 129.14,243.75,0.76
P= 128.86,244.18,0.76
P= 129.12,244.58,0.76
P= 127.73,244.58,0.75
P= 128.56,243.28,0.74
P= 129.08,244.09,0.73
P= 130.01,244.09,0.74
P= 130.01,244.09,0.74
P= 131.07,245.74,0.72
P= 132.90,245.74,0.74
P= 133.47,244.86,0.73
P= 132.41,243.22,0.74
P= 129.17,243.22,0.72
P= 128.05,244.96,0.73
P= 127.27,243.75,0.74
P= 126.32,243.75,0.74
P= 127.72,241.56,0.72
P= 129.61,241.56,0.73
P= 128.49,243.31,0.75
P= 129.53,244.94,0.73